400.000000 0.071750
405.000000 0.079050
410.000000 0.087100
415.000000 0.094965
420.000000 0.101600
425.000000 0.107671
430.000000 0.113450
435.000000 0.118458
440.000000 0.120450
445.000000 0.118829
450.000000 0.115200
455.000000 0.111327
460.000000 0.107800
465.000000 0.103000
470.000000 0.096900
475.000000 0.090559
480.000000 0.085100
485.000000 0.080714
490.000000 0.075850
495.000000 0.069691
500.000000 0.061850
505.000000 0.053203
510.000000 0.044950
515.000000 0.037604
520.000000 0.031550
525.000000 0.026625
530.000000 0.022600
535.000000 0.019364
540.000000 0.016800
545.000000 0.014706
550.000000 0.012850
555.000000 0.011216
560.000000 0.010000
565.000000 0.009110
570.000000 0.008700
575.000000 0.008574
580.000000 0.008700
585.000000 0.008982
590.000000 0.009250
595.000000 0.009148
600.000000 0.008900
605.000000 0.008676
610.000000 0.008800
615.000000 0.009163
620.000000 0.009600
625.000000 0.010019
630.000000 0.010450
635.000000 0.010623
640.000000 0.010700
645.000000 0.010797
650.000000 0.011050
655.000000 0.011966
660.000000 0.014900
665.000000 0.020470
670.000000 0.026950
675.000000 0.030126
680.000000 0.027500
685.000000 0.019908
690.000000 0.011450
695.000000 0.005815
700.000000 0.001550
705.000000 0.000000
710.000000 0.000000
715.000000 0.000000
720.000000 0.000000
725.000000 0.000000
730.000000 0.000000
735.000000 0.000000
740.000000 0.000000
745.000000 0.000000
750.000000 0.000000
755.000000 0.000000
760.000000 0.000000
765.000000 0.000000
770.000000 0.000000
775.000000 0.000000
780.000000 0.000000
785.000000 0.000000
790.000000 0.000000
795.000000 0.000000
800.000000 0.000000
805.000000 0.000000
810.000000 0.000000
815.000000 0.000000
820.000000 0.000000
825.000000 0.000000
830.000000 0.000000
835.000000 0.000000
840.000000 0.000000
845.000000 0.000000
850.000000 0.000000
855.000000 0.000000
860.000000 0.000000
865.000000 0.000000
870.000000 0.000000
875.000000 0.000000
880.000000 0.000000
885.000000 0.000000
890.000000 0.000000
895.000000 0.000000
900.000000 0.000000
905.000000 0.000000
910.000000 0.000000
915.000000 0.000000
920.000000 0.000000
925.000000 0.000000
930.000000 0.000000
935.000000 0.000000
940.000000 0.000000
945.000000 0.000000
950.000000 0.000000
955.000000 0.000000
960.000000 0.000000
965.000000 0.000000
970.000000 0.000000
975.000000 0.000000
980.000000 0.000000
985.000000 0.000000
990.000000 0.000000
995.000000 0.000000
1000.000000 0.000000
