400.000000 0.016000
405.000000 0.017366
410.000000 0.017400
415.000000 0.017317
420.000000 0.016500
425.000000 0.016135
430.000000 0.016400
435.000000 0.016865
440.000000 0.016300
445.000000 0.014742
450.000000 0.013400
455.000000 0.013071
460.000000 0.013800
465.000000 0.014700
470.000000 0.015100
475.000000 0.014783
480.000000 0.014300
485.000000 0.013884
490.000000 0.013900
495.000000 0.013909
500.000000 0.013700
505.000000 0.013453
510.000000 0.013300
515.000000 0.013212
520.000000 0.013100
525.000000 0.012939
530.000000 0.012800
535.000000 0.012351
540.000000 0.011900
545.000000 0.011095
550.000000 0.010100
555.000000 0.008844
560.000000 0.007400
565.000000 0.006297
570.000000 0.005600
575.000000 0.004995
580.000000 0.004700
585.000000 0.004589
590.000000 0.004600
595.000000 0.004566
600.000000 0.004200
605.000000 0.004145
610.000000 0.004400
615.000000 0.004811
620.000000 0.005100
625.000000 0.005349
630.000000 0.005600
635.000000 0.006204
640.000000 0.006500
645.000000 0.006650
650.000000 0.006800
655.000000 0.007480
660.000000 0.009600
665.000000 0.013156
670.000000 0.016400
675.000000 0.017343
680.000000 0.015500
685.000000 0.011525
690.000000 0.006900
695.000000 0.003461
700.000000 0.000850
705.000000 0.000000
710.000000 0.000000
715.000000 0.000000
720.000000 0.000000
725.000000 0.000000
730.000000 0.000000
735.000000 0.000000
740.000000 0.000000
745.000000 0.000000
750.000000 0.000000
755.000000 0.000000
760.000000 0.000000
765.000000 0.000000
770.000000 0.000000
775.000000 0.000000
780.000000 0.000000
785.000000 0.000000
790.000000 0.000000
795.000000 0.000000
800.000000 0.000000
805.000000 0.000000
810.000000 0.000000
815.000000 0.000000
820.000000 0.000000
825.000000 0.000000
830.000000 0.000000
835.000000 0.000000
840.000000 0.000000
845.000000 0.000000
850.000000 0.000000
855.000000 0.000000
860.000000 0.000000
865.000000 0.000000
870.000000 0.000000
875.000000 0.000000
880.000000 0.000000
885.000000 0.000000
890.000000 0.000000
895.000000 0.000000
900.000000 0.000000
905.000000 0.000000
910.000000 0.000000
915.000000 0.000000
920.000000 0.000000
925.000000 0.000000
930.000000 0.000000
935.000000 0.000000
940.000000 0.000000
945.000000 0.000000
950.000000 0.000000
955.000000 0.000000
960.000000 0.000000
965.000000 0.000000
970.000000 0.000000
975.000000 0.000000
980.000000 0.000000
985.000000 0.000000
990.000000 0.000000
995.000000 0.000000
1000.000000 0.000000
