350 0.01500
351 0.01490
352 0.01480
353 0.01475
354 0.01470
355 0.01460
356 0.01450
357 0.01440
358 0.01430
359 0.01420
360 0.01410
361 0.01410
362 0.01410
363 0.01405
364 0.01400
365 0.01400
366 0.01400
367 0.01400
368 0.01400
369 0.01390
370 0.01380
371 0.01365
372 0.01350
373 0.01355
374 0.01360
375 0.01315
376 0.01270
377 0.01240
378 0.01210
379 0.01180
380 0.01150
381 0.01110
382 0.01070
383 0.01050
384 0.01030
385 0.010075
386 0.009850
387 0.009396
388 0.009038
389 0.008774
390 0.008510
391 0.008422
392 0.008334
393 0.008258
394 0.008194
395 0.008130
396 0.007978
397 0.007826
398 0.007526
399 0.007078
400 0.006630
401 0.006294
402 0.005958
403 0.005692
404 0.005496
405 0.005300
406 0.005192
407 0.005084
408 0.004970
409 0.004850
410 0.004730
411 0.004646
412 0.004562
413 0.004504
414 0.004472
415 0.004440
416 0.004432
417 0.004424
418 0.004444
419 0.004492
420 0.004540
421 0.004620
422 0.004700
423 0.004748
424 0.004764
425 0.004780
426 0.004796
427 0.004812
428 0.004846
429 0.004898
430 0.004950
431 0.004986
432 0.005022
433 0.005092
434 0.005196
435 0.005300
436 0.005500
437 0.005700
438 0.005910
439 0.006130
440 0.006350
441 0.006594
442 0.006838
443 0.007070
444 0.007290
445 0.007510
446 0.007826
447 0.008142
448 0.008484
449 0.008852
450 0.009220
451 0.009408
452 0.009596
453 0.009676
454 0.009648
455 0.009620
456 0.009600
457 0.009580
458 0.009614
459 0.009702
460 0.009790
461 0.009894
462 0.009998
463 0.010062
464 0.010086
465 0.010110
466 0.010146
467 0.010182
468 0.01028
469 0.01044
470 0.01060
471 0.01072
472 0.01084
473 0.01100
474 0.01120
475 0.01140
476 0.01168
477 0.01196
478 0.01222
479 0.01246
480 0.01270
481 0.01286
482 0.01302
483 0.01320
484 0.01340
485 0.01360
486 0.01392
487 0.01424
488 0.01452
489 0.01476
490 0.01500
491 0.01548
492 0.01596
493 0.01642
494 0.01686
495 0.01730
496 0.01802
497 0.01874
498 0.01936
499 0.01988
500 0.02040
501 0.02136
502 0.02232
503 0.02336
504 0.02448
505 0.02560
506 0.02656
507 0.02752
508 0.02890
509 0.03070
510 0.03250
511 0.03438
512 0.03626
513 0.03768
514 0.03864
515 0.03960
516 0.03972
517 0.03984
518 0.04010
519 0.04050
520 0.04090
521 0.04118
522 0.04146
523 0.04162
524 0.04166
525 0.04170
526 0.04214
527 0.04258
528 0.04292
529 0.04316
530 0.04340
531 0.04392
532 0.04444
533 0.04480
534 0.04500
535 0.04520
536 0.04576
537 0.04632
538 0.04676
539 0.04708
540 0.04740
541 0.04800
542 0.04860
543 0.04934
544 0.05022
545 0.05110
546 0.05214
547 0.05318
548 0.05426
549 0.05538
550 0.05650
551 0.05762
552 0.05874
553 0.05936
554 0.05948
555 0.05960
556 0.06000
557 0.06040
558 0.06086
559 0.06138
560 0.06190
561 0.06274
562 0.06358
563 0.06404
564 0.06412
565 0.06420
566 0.06540
567 0.06660
568 0.06766
569 0.06858
570 0.06950
571 0.07102
572 0.07254
573 0.07408
574 0.07564
575 0.07720
576 0.07976
577 0.08232
578 0.08480
579 0.08720
580 0.08960
581 0.09332
582 0.09704
583 0.10112
584 0.10556
585 0.11000
586 0.11480
587 0.11960
588 0.12462
589 0.12986
590 0.13510
591 0.14170
592 0.14830
593 0.15472
594 0.16096
595 0.16720
596 0.17732
597 0.18744
598 0.19848
599 0.21044
600 0.22240
601 0.23224
602 0.24208
603 0.24914
604 0.25342
605 0.25770
606 0.25978
607 0.26186
608 0.26320
609 0.26380
610 0.26440
611 0.26524
612 0.26608
613 0.26676
614 0.26728
615 0.26780
616 0.26896
617 0.27012
618 0.27166
619 0.27358
620 0.27550
621 0.27770
622 0.27990
623 0.28148
624 0.28244
625 0.28340
626 0.28620
627 0.28900
628 0.29064
629 0.29112
630 0.29160
631 0.29476
632 0.29792
633 0.29984
634 0.30052
635 0.30120
636 0.30380
637 0.30640
638 0.30832
639 0.30956
640 0.31080
641 0.31528
642 0.31976
643 0.3226
644 0.3238
645 0.3250
646 0.3290
647 0.3330
648 0.3360
649 0.3380
650 0.3400
651 0.3472
652 0.3544
653 0.3606
654 0.3658
655 0.3710
656 0.3798
657 0.3886
658 0.3964
659 0.4032
660 0.4100
661 0.4156
662 0.4212
663 0.4250
664 0.4270
665 0.4290
666 0.4318
667 0.4346
668 0.4366
669 0.4378
670 0.4390
671 0.4426
672 0.4462
673 0.4480
674 0.4480
675 0.4480
676 0.4532
677 0.4584
678 0.4618
679 0.4634
680 0.4650
681 0.4702
682 0.4754
683 0.4796
684 0.4828
685 0.4860
686 0.4924
687 0.4988
688 0.5048
689 0.5104
690 0.5160
691 0.5248
692 0.5336
693 0.5422
694 0.5506
695 0.5590
696 0.5722
697 0.5854
698 0.5984
699 0.6112
700 0.624 
701 0.6396
702 0.6552
703 0.6712
704 0.6876
705 0.704 
706 0.7248
707 0.7456
708 0.7702
709 0.7986
710 0.827 
711 0.8618
712 0.92096777 
713 0.95718282 
714 0.99509069 
715 1.0360540  
716 1.0809401  
717 1.1237395  
718 1.1698112  
719 1.2209653  
720 1.2713726  
721 1.3228489  
722 1.3784519  
723 1.4345312  
724 1.4909353  
725 1.5504854  
726 1.6147404  
727 1.6914107  
728 1.7763463  
729 1.8564986  
730 1.9733594  
731 2.0800696  
732 2.1864590  
733 2.3023916  
734 2.4232845  
735 2.5070327  
736 2.5812310  
737 2.6459358  
738 2.7042692  
739 2.7513281  
740 2.7803378  
741 2.8028010  
742 2.8144208  
743 2.8260096  
744 2.8375676  
745 2.8337598  
746 2.8422073  
747 2.8429956  
748 2.8483524  
749 2.8521818  
750 2.8539581  
751 2.8613183  
752 2.8590301  
753 2.8704060  
754 2.8665996  
755 2.8752819  
756 2.8756391  
757 2.8718408  
758 2.8680517  
759 2.8642729  
760 2.8620045  
761 2.8732569  
762 2.8694872  
763 2.8657270  
764 2.8619759  
765 2.8582350  
766 2.8504068  
767 2.8343970  
768 2.8307059  
769 2.8270258  
770 2.8233549  
771 2.8115501  
772 2.7943426  
773 2.7798837  
774 2.7762912  
775 2.7592011  
776 2.7529435  
777 2.7413204  
778 2.7243358  
779 2.7073931  
780 2.6904922  
781 2.6623041  
782 2.6421057  
783 2.6253571  
784 2.6086496  
785 2.5908562  
786 2.5629669  
787 2.5335117  
788 2.5116869  
789 2.4907440  
790 2.4642304  
791 2.4478762  
792 2.4215043  
793 2.3940733  
794 2.3700483  
795 2.3539929  
796 2.3388938  
797 2.3230244  
798 2.3003360  
799 2.2732565  
800 2.2462387  
801 2.2434355  
802 2.2322079  
803 2.2173890  
804 2.2038042  
805 2.2010669  
806 2.1983367  
807 2.1896294  
808 2.1797316  
809 2.1889870  
810 2.1874805  
811 2.1919288  
812 2.2011352  
813 2.2103210  
814 2.2194775  
815 2.2357231  
816 2.2554947  
817 2.2764050  
818 2.2972487  
819 2.3168652  
820 2.3435058  
821 2.3877635  
822 2.4285176  
823 2.4782445  
824 2.5391706  
825 2.6122704  
826 2.7220009  
827 2.8305742  
828 2.9420867  
829 3.0792949  
830 3.2161332  
831 3.3477215  
832 3.4695449  
833 3.5731098  
834 3.6538490  
835 3.7215139  
836 3.7814976  
837 3.8316550  
838 3.8752888  
839 3.9124100  
840 3.9398029  
841 3.9726033  
842 4.0061359  
843 4.0333266  
844 4.0604452  
845 4.0875100  
846 4.1145209  
847 4.1393211  
848 4.1704232  
849 4.2035923  
850 4.1986481
851 4.2074849
852 4.2267064
853 4.2638427
854 4.2907963
855 4.3181139
856 4.3522210
857 4.3717223
858 4.3928243
859 4.4218045
860 4.4507846
861 4.4777607  
862 4.5017307  
863 4.5343565  
864 4.5678975  
865 4.6013685  
866 4.6347353  
867 4.6680444  
868 4.7012843  
869 4.7344210  
870 4.7751944  
871 4.8274401  
872 4.8708834  
873 4.9132904  
874 4.9556100  
875 5.0112480  
876 5.0638284  
877 5.1058219  
878 5.1629552  
879 5.2225600  
880 5.2791001  
881 5.3384106  
882 5.3962581  
883 5.4435041  
884 5.5012970  
885 5.5661212  
886 5.6259937  
887 5.6836982  
888 5.7392346  
889 5.7945913  
890 5.8498685  
891 5.9050065  
892 5.9600062  
893 6.0149270  
894 6.0696709  
895 6.1243171  
896 6.1788655  
897 6.2332389  
898 6.2875348  
899 6.3416954  
900 6.4018238  
901 6.4644877  
902 6.5269515  
903 6.5913452  
904 6.6576686  
905 6.7205345  
906 6.7859544  
907 6.8650482  
908 6.9457991  
909 7.0276550  
910 7.1220278  
911 7.2182952  
912 7.3157379  
913 7.4275190  
914 7.5488591  
915 7.6843227  
916 7.8299189  
917 8.0097680  
918 8.1970714  
919 8.3893441  
920 8.6171029  
921 8.8566467  
922 9.1275594  
923 9.4259676  
924 9.7518714  
925 10.102365  
926 10.465251  
927 10.884336  
928 11.314279  
929 11.760507  
930 12.245689  
931 12.756839  
932 13.301972  
933 13.842737  
934 14.350924  
935 14.870631  
936 15.407620  
937 16.078038  
938 16.805640  
939 17.570130  
940 18.344253  
941 19.140515  
942 19.935561  
943 20.728784  
944 21.653144  
945 22.664928  
946 23.673635  
947 24.681573  
948 25.980008  
949 27.321525  
950 28.835366  
951 30.405561  
952 32.060285  
953 33.886857  
954 35.827995  
955 37.588021  
956 39.302770  
957 40.642652  
958 41.960577  
959 43.080888  
960 44.112810  
961 44.938491  
962 45.602401  
963 46.104538  
964 46.523270  
965 46.886398  
966 47.213979  
967 47.526326  
968 47.697677  
969 47.853362  
970 48.008438  
971 48.163453  
972 48.317923  
973 48.458701  
974 48.544713  
975 48.610308  
976 48.628262  
977 48.619151  
978 48.569443  
979 48.452371  
980 48.267934  
981 48.083925  
982 47.900201  
983 47.677007  
984 47.436896  
985 47.143464  
986 46.827179  
987 46.458319  
988 46.076316  
989 45.710696  
990 45.346897  
991 44.870420  
992 44.381424  
993 43.992963  
994 43.615673  
995 43.130292  
996 42.644912  
997 42.161478  
998 41.678043  
999 41.196542  
1000 40.715000

