289.0 0.29622194928268536
291.0 0.3470476352140305
293.0 0.349347716315449
295.0 0.3513424769166792
297.0 0.35431426311851194
299.0 0.35915868172149956
301.0 0.36076670302249125
303.0 0.36459338662485125
305.0 0.36813510442703545
307.0 0.37183965982932016
309.0 0.3676465916267342
311.0 0.36793155742690997
313.0 0.3684811343272489
315.0 0.36180479272313143
317.0 0.3676465916267342
319.0 0.3699873821281778
321.0 0.3699873821281778
323.0 0.3686236172273368
325.0 0.3750149930312784
327.0 0.36886787362748735
329.0 0.36229330552343275
331.0 0.3619472756232193
333.0 0.3667713395261944
335.0 0.3664049549259685
337.0 0.3635349422241985
339.0 0.36259862602362103
341.0 0.3627614636237214
343.0 0.3579577544207589
345.0 0.35584086561945344
347.0 0.3524619854173696
349.0 0.3475972121143694
351.0 0.3353029733067873
353.0 0.3287080505027201
355.0 0.3233954737994437
357.0 0.3182253799962553
359.0 0.3134827348933304
361.0 0.3093303760907695
363.0 0.3041602822875811
365.0 0.2998043764848947
367.0 0.2967511714830117
369.0 0.29280235968057644
371.0 0.28924028717837963
373.0 0.2861463727764716
375.0 0.2836630993749401
377.0 0.2797549969725299
379.0 0.2767832107706971
381.0 0.27444242026925353
383.0 0.27057502726686844
385.0 0.26636160436427
387.0 0.26229066436175935
389.0 0.25817901495922363
391.0 0.2558789338578051
393.0 0.25412842965672555
395.0 0.2522557972555706
397.0 0.2500574896542149
399.0 0.2489786905535496
401.0 0.2485919512533111
403.0 0.2487547888534115
405.0 0.24938578455380067
407.0 0.24999642555417725
409.0 0.2506274212545664
411.0 0.2517469297552568
413.0 0.25306998525607277
415.0 0.25482048945715235
417.0 0.2564081560581315
419.0 0.2580975961591734
421.0 0.25974632686019017
423.0 0.2614764763612572
425.0 0.26324733526234934
427.0 0.26503854886345396
429.0 0.2673386299648725
431.0 0.26947587346619056
433.0 0.27126708706729524
435.0 0.27307865536841247
437.0 0.275195544169718
439.0 0.2774345611710988
441.0 0.27951074057237923
443.0 0.2814037276735467
445.0 0.28325600537468903
447.0 0.28514899247585646
449.0 0.28689949667693604
451.0 0.2885889367779779
453.0 0.2902580221790073
455.0 0.29204923578011194
457.0 0.2937386758811539
459.0 0.2952245689820703
461.0 0.2966901073829741
463.0 0.29805387228381514
465.0 0.29943799188466874
467.0 0.3008017567855098
469.0 0.30220623108637595
471.0 0.3034885771871668
473.0 0.304893051488033
475.0 0.30621610698884894
477.0 0.307763064189803
479.0 0.3092286025907068
481.0 0.31069414099161063
483.0 0.3122207434925521
485.0 0.31411373059371955
487.0 0.3160270723948995
489.0 0.31769615779592886
491.0 0.31922276029687036
493.0 0.3208714909978872
495.0 0.3225405763989165
497.0 0.3241485976999082
499.0 0.32598052070103795
501.0 0.3278531531021929
503.0 0.3298886231034482
505.0 0.33180196490462815
507.0 0.3337356614058207
509.0 0.33581184080710114
511.0 0.3379287296084067
513.0 0.34004561840971215
515.0 0.34210144311098006
517.0 0.3442386866122981
519.0 0.3464573489136664
521.0 0.34835033601483384
523.0 0.3501415496159386
525.0 0.35199382731708084
527.0 0.35376468621817303
529.0 0.35557625451929026
531.0 0.3571842758202819
533.0 0.35879229712127364
535.0 0.36050209192232807
537.0 0.3620897585233072
539.0 0.36379955332436165
541.0 0.36555005752544123
543.0 0.3672394976264831
545.0 0.3689900018275627
547.0 0.3706997966286172
549.0 0.37238923672965907
551.0 0.374078676830701
553.0 0.37566634343168015
555.0 0.3772743647326718
557.0 0.37882132193362583
559.0 0.38034792443456733
561.0 0.3818134628354712
563.0 0.38311616363627454
565.0 0.3842967362370026
567.0 0.38541624473769304
569.0 0.38649504383835837
571.0 0.38745171473894835
573.0 0.3883269668394882
575.0 0.38912080013997774
577.0 0.3900164069405301
579.0 0.39066775734093173
581.0 0.39138017184137114
583.0 0.39199081284174775
585.0 0.3925200350420741
587.0 0.3931103213424381
589.0 0.3937006076428022
591.0 0.39441302214324153
593.0 0.39492188964355535
595.0 0.39547146654389426
597.0 0.3961431716443085
599.0 0.39663168444460983
601.0 0.397079487844886
603.0 0.39742551774509943
605.0 0.3975272912451622
607.0 0.3975476459451747
609.0 0.3975883553451998
611.0 0.39771048354527516
613.0 0.39775119294530026
615.0 0.3978122570453379
617.0 0.39773083824528765
619.0 0.39801580404546344
621.0 0.3980972228455137
623.0 0.3982804151456267
625.0 0.3985653809458024
627.0 0.39874857324591534
629.0 0.3989521202460409
631.0 0.39917602194617896
633.0 0.3993388595462794
635.0 0.3995424065464049
637.0 0.3999291458466434
639.0 0.40023446634683174
641.0 0.4006822697471079
643.0 0.4009875902472962
645.0 0.401272556047472
647.0 0.4013946842475472
649.0 0.40149645774761006
651.0 0.4013336201475096
653.0 0.40092652614725854
655.0 0.400132692846769
657.0 0.39944063304634214
659.0 0.39815828694555133
661.0 0.3965706203445722
663.0 0.3950033084436056
665.0 0.39341564184262645
667.0 0.39211294104182304
669.0 0.39097307784112006
671.0 0.39040314624076855
673.0 0.39019959924064307
675.0 0.39062704794090664
677.0 0.3914005265413837
679.0 0.39272358204219965
681.0 0.39433160334319134
683.0 0.3963670733444466
685.0 0.3986060903458275
687.0 0.4012318466474468
689.0 0.4048142738496562
691.0 0.4078674788515391
693.0 0.4104932351531585
695.0 0.4129357991546649
697.0 0.4152765896561085
699.0 0.4169863844571629
701.0 0.41853334165811695
703.0 0.42005994415905845
705.0 0.4214440637599121
707.0 0.4226246363606402
709.0 0.42374414486133055
711.0 0.4245990422618578
713.0 0.42569819606253567
715.0 0.4270823156633893
717.0 0.42887352926449396
719.0 0.42913814036465714
721.0 0.42952487966489566
723.0 0.4307868710656739
725.0 0.4315196402661258
727.0 0.43259843936679115
729.0 0.4334940461673435
731.0 0.4344710717679461
733.0 0.43538703326851097
735.0 0.43616051186898797
737.0 0.4370561186695403
739.0 0.43780924257000475
741.0 0.43862343057050684
743.0 0.4393561997709588
745.0 0.44006861427139815
747.0 0.44082173817186265
749.0 0.44155450737231455
751.0 0.4422262124727288
753.0 0.4430200457732184
755.0 0.4436917508736326
757.0 0.44436345597404686
759.0 0.4452997721746243
761.0 0.44538119097467455
763.0 0.4463175071752519
765.0 0.4462157336751892
767.0 0.44762020797605534
769.0 0.4480273019763064
771.0 0.4489839728768964
773.0 0.4495335497772353
775.0 0.45036809247775006
777.0 0.45110086167820196
779.0 0.4516707932785534
781.0 0.45234249837896773
783.0 0.4529531393793443
785.0 0.4535434256797083
787.0 0.454011583779997
789.0 0.45470364358042387
791.0 0.45539570338085067
793.0 0.4560266990812398
795.0 0.4565559212815662
797.0 0.457247981081993
799.0 0.45767542978225656
801.0 0.45818429728257043
803.0 0.45883564768297214
805.0 0.45926309638323576
807.0 0.45989409208362486
809.0 0.4604843783839889
811.0 0.4610339552843279
813.0 0.46148175868460406
815.0 0.4618074338848049
817.0 0.46237736548515634
819.0 0.4629676517855204
821.0 0.46363935688593466
823.0 0.46376148508600995
825.0 0.46465709188656235
827.0 0.4651048952868385
829.0 0.4657358909872277
831.0 0.466081920887441
833.0 0.4668146900878929
835.0 0.46728284818818167
837.0 0.4678527797885331
839.0 0.4684837754889223
841.0 0.4688501600891482
843.0 0.4696032839896127
845.0 0.4698271856897508
847.0 0.4703360531900646
849.0 0.4705803095902153
851.0 0.47049889079016505
853.0 0.4711705958905793
855.0 0.4711705958905793
857.0 0.471638753990868
859.0 0.4720865573911442
861.0 0.4725547154914329
863.0 0.47269719839152075
865.0 0.4731653564918095
867.0 0.4736538692921108
869.0 0.4743866384925627
871.0 0.4737963521921987
873.0 0.47471231369276357
875.0 0.4754247281932029
877.0 0.4755875657933033
879.0 0.475831822193454
881.0 0.4761982067936799
883.0 0.47654423669389334
885.0 0.47686991189409417
887.0 0.4772973605943578
889.0 0.47782658279468415
891.0 0.4776637451945837
893.0 0.47847793319508586
895.0 0.4783150955949855
897.0 0.4788443177953118
899.0 0.47874254429524904
901.0 0.47876289899526164
903.0 0.4798416980959269
905.0 0.4795567322957512
907.0 0.4799231168959771
909.0 0.4805337578963538
911.0 0.48128688179681817
913.0 0.48173468519709434
915.0 0.48153113819696886
917.0 0.48179574929713204
919.0 0.4834037705981237
921.0 0.4834851893981739
923.0 0.4843197320986886
925.0 0.48448256969878906
927.0 0.48472682609893963
929.0 0.4864773303000192
931.0 0.4848693089990276
933.0 0.4826302919976467
935.0 0.4804930484963286
937.0 0.4825895825976216
939.0 0.48586668929964266
941.0 0.4834037705981237
943.0 0.48409583039855053
945.0 0.48267100139767183
947.0 0.4853171123993037
949.0 0.4857038516995422
951.0 0.4849710824990903
953.0 0.4840347662985129
955.0 0.48877741140143777
957.0 0.4903854327024294
959.0 0.4878207405008478
961.0 0.49014117630227877
963.0 0.4940085693046639
965.0 0.4928890608039735
967.0 0.49406963340470156
969.0 0.49649184270619534
971.0 0.4980998640071871
973.0 0.4961254581059694
975.0 0.494232471004802
977.0 0.49687858200643387
979.0 0.4989344067077017
981.0 0.4953316248054799
983.0 0.4971839025066222
985.0 0.4992193725078775
987.0 0.4990158255077519
989.0 0.497875962307049
991.0 0.4974281589067728
993.0 0.4989751161077268
995.0 0.49614581280598197
997.0 0.49985036820826667
999.0 0.4994636289080281
1001.0 0.4946599197050656
1003.0 0.49575907350574344
1005.0 0.4954741077055677
1007.0 0.49706177430654686
1009.0 0.49785560760703645
1011.0 0.4917491976032705
1013.0 0.4973670948067352
1015.0 0.49563694530566815
1017.0 0.48981550110207794
1019.0 0.4936218300044254
1021.0 0.4971839025066222
1023.0 0.49445637270494003
1025.0 0.49103678310283116
1027.0 0.4900597575022286
1029.0 0.49451743680497773
1031.0 0.49207487280347134
1033.0 0.4874340012006092
1035.0 0.49162706940319517
1037.0 0.48981550110207794
1039.0 0.48543924059937904
1041.0 0.4836683816982869
1043.0 0.4814090099968935
1045.0 0.48230461679744585
1047.0 0.487942868700923
1049.0 0.47420344619244975
1051.0 0.47892573659536203
1053.0 0.47098740359046637
1055.0 0.4796585057958139
1057.0 0.47739913409442053
1059.0 0.4820603603972952
1061.0 0.4708856300904035
1063.0 0.4666518524877925
1065.0 0.46520666878690126
1067.0 0.45993480148364996
1069.0 0.4628658782854576
1071.0 0.46990860448980104
1073.0 0.46903335238926125
1075.0 0.4614003398845538
1077.0 0.4604436689839638
1079.0 0.45122298987827725
1081.0 0.46099324588430274
1083.0 0.4530752675794196
1085.0 0.46089147238424
1087.0 0.45865245538285915
1089.0 0.4430200457732184
1091.0 0.4499406437774864
1093.0 0.4542761948801602
