287.940000 0.074488 
289.890000 0.165494 
291.820000 0.170576 
293.750000 0.169851 
295.680000 0.162815 
297.590000 0.172575 
299.500000 0.168898 
301.400000 0.171009 
303.290000 0.173719 
305.180000 0.172344 
307.060000 0.179749 
308.940000 0.178918 
310.810000 0.169422 
312.670000 0.175998 
314.520000 0.176837 
316.370000 0.168022 
318.220000 0.171431 
320.050000 0.178218 
321.890000 0.175030 
323.710000 0.172090 
325.530000 0.182732 
327.350000 0.177226 
329.160000 0.177070 
330.960000 0.163918 
332.760000 0.175769 
334.560000 0.165361 
336.350000 0.163986 
338.140000 0.169678 
339.920000 0.154833 
341.690000 0.163847 
343.460000 0.164423 
345.230000 0.165954 
347.000000 0.151213 
348.750000 0.158375 
350.510000 0.146951 
352.260000 0.150425 
354.010000 0.137620 
355.750000 0.128296 
357.490000 0.122729 
359.230000 0.116390 
360.960000 0.112897 
362.690000 0.104450 
364.410000 0.101095 
366.140000 0.097424 
367.850000 0.091757 
369.570000 0.086663 
371.280000 0.085952 
372.990000 0.083135 
374.700000 0.078446 
376.400000 0.075431 
378.100000 0.073957 
379.800000 0.071753 
381.490000 0.068347 
383.190000 0.066534 
384.880000 0.062381 
386.560000 0.059638 
388.250000 0.056876 
389.930000 0.056127 
391.610000 0.053426 
393.290000 0.051058 
394.970000 0.049940 
396.640000 0.047052 
398.310000 0.045209 
399.980000 0.044604 
401.650000 0.043235 
403.310000 0.041735 
404.980000 0.040418 
406.640000 0.039398 
408.300000 0.038715 
409.960000 0.037532 
411.610000 0.036872 
413.270000 0.036356 
414.920000 0.035771 
416.570000 0.035370 
418.220000 0.034865 
419.870000 0.034682 
421.520000 0.033998 
423.170000 0.033827 
424.810000 0.033379 
426.460000 0.033064 
428.100000 0.032160 
429.740000 0.031359 
431.380000 0.031690 
433.020000 0.030836 
434.660000 0.030863 
436.290000 0.030842 
437.930000 0.030331 
439.560000 0.030819 
441.200000 0.031004 
442.830000 0.031032 
444.460000 0.031042 
446.090000 0.031564 
447.720000 0.032038 
449.350000 0.032510 
450.980000 0.032337 
452.610000 0.032498 
454.230000 0.032755 
455.860000 0.032825 
457.480000 0.032540 
459.110000 0.032677 
460.730000 0.032718 
462.360000 0.032582 
463.980000 0.032458 
465.600000 0.032456 
467.220000 0.032525 
468.840000 0.032509 
470.470000 0.032772 
472.090000 0.032958 
473.710000 0.032919 
475.330000 0.033150 
476.940000 0.033474 
478.560000 0.033708 
480.180000 0.033817 
481.800000 0.034033 
483.420000 0.033901 
485.030000 0.033884 
486.650000 0.035134 
488.270000 0.035732 
489.880000 0.036110 
491.500000 0.037081 
493.110000 0.038510 
494.730000 0.039945 
496.340000 0.041387 
497.960000 0.043367 
499.570000 0.045572 
501.190000 0.048394 
502.800000 0.051422 
504.420000 0.054733 
506.030000 0.058074 
507.640000 0.061917 
509.260000 0.066175 
510.870000 0.070521 
512.480000 0.075069 
514.090000 0.079873 
515.710000 0.084618 
517.320000 0.090683 
518.930000 0.095849 
520.540000 0.100127 
522.160000 0.104156 
523.770000 0.107963 
525.380000 0.111170 
526.990000 0.115329 
528.600000 0.118161 
530.210000 0.119860 
531.820000 0.121797 
533.440000 0.123939 
535.050000 0.125233 
536.660000 0.126066 
538.270000 0.127099 
539.880000 0.128131 
541.490000 0.129208 
543.100000 0.129847 
544.710000 0.130397 
546.320000 0.131063 
547.930000 0.131478 
549.540000 0.132080 
551.150000 0.132269 
552.760000 0.132564 
554.370000 0.132430 
555.980000 0.131770 
557.590000 0.131273 
559.200000 0.130701 
560.810000 0.129676 
562.410000 0.128167 
564.020000 0.126615 
565.630000 0.124971 
567.240000 0.122936 
568.850000 0.120892 
570.460000 0.119161 
572.070000 0.117248 
573.670000 0.115148 
575.280000 0.113317 
576.890000 0.111692 
578.500000 0.110262 
580.100000 0.108788 
581.710000 0.107168 
583.320000 0.105433 
584.920000 0.104009 
586.530000 0.102291 
588.140000 0.101050 
589.740000 0.100627 
591.350000 0.099806 
592.950000 0.098523 
594.560000 0.097888 
596.160000 0.097237 
597.770000 0.096589 
599.370000 0.096081 
600.980000 0.095748 
602.580000 0.095320 
604.190000 0.094730 
605.790000 0.093953 
607.390000 0.093184 
609.000000 0.092459 
610.600000 0.091622 
612.200000 0.090712 
613.800000 0.089712 
615.410000 0.088822 
617.010000 0.088017 
618.610000 0.087213 
620.210000 0.086258 
621.810000 0.085259 
623.410000 0.084688 
625.010000 0.084215 
626.610000 0.083739 
628.210000 0.083167 
629.810000 0.082472 
631.410000 0.081491 
633.010000 0.079946 
634.600000 0.077742 
636.200000 0.075308 
637.800000 0.072430 
639.390000 0.069606 
640.990000 0.066963 
642.590000 0.064377 
644.180000 0.061606 
645.780000 0.059010 
647.370000 0.056673 
648.960000 0.054904 
650.560000 0.053631 
652.150000 0.053117 
653.740000 0.052813 
655.330000 0.052564 
656.930000 0.053324 
658.520000 0.053509 
660.110000 0.052469 
661.700000 0.051299 
663.290000 0.050134 
664.870000 0.048982 
666.460000 0.048111 
668.050000 0.047490 
669.640000 0.047077 
671.220000 0.046944 
672.810000 0.047206 
674.400000 0.047951 
675.980000 0.048936 
677.570000 0.050551 
679.150000 0.052841 
680.730000 0.055742 
682.320000 0.059437 
683.900000 0.064126 
685.480000 0.070422 
687.060000 0.078630 
688.640000 0.087633 
690.220000 0.098183 
691.800000 0.108631 
693.380000 0.120586 
694.950000 0.133698 
696.530000 0.147768 
698.110000 0.161998 
699.680000 0.176816 
701.260000 0.192732 
702.830000 0.210520 
704.410000 0.227795 
705.980000 0.245186 
707.550000 0.262140 
709.120000 0.279112 
710.690000 0.295822 
712.260000 0.311026 
713.830000 0.324632 
715.400000 0.337268 
716.970000 0.349632 
718.540000 0.362259 
720.110000 0.375783 
721.670000 0.386361 
723.240000 0.392127 
724.800000 0.397598 
726.370000 0.404305 
727.930000 0.410563 
729.490000 0.415664 
731.050000 0.420526 
732.620000 0.424988 
734.180000 0.428512 
735.740000 0.430817 
737.300000 0.433352 
738.850000 0.435897 
740.410000 0.438395 
741.970000 0.440396 
743.520000 0.442386 
745.080000 0.444017 
746.630000 0.445719 
748.190000 0.446523 
749.740000 0.447648 
751.290000 0.448444 
752.840000 0.449349 
754.400000 0.450225 
755.950000 0.450379 
757.500000 0.451840 
759.040000 0.452577 
760.590000 0.444545 
762.140000 0.451700 
763.690000 0.457979 
765.230000 0.460287 
766.780000 0.459743 
768.320000 0.459361 
769.860000 0.457626 
771.410000 0.457000 
772.950000 0.456714 
774.490000 0.456899 
776.030000 0.457019 
777.570000 0.457597 
779.110000 0.458136 
780.650000 0.458645 
782.190000 0.458948 
783.720000 0.459674 
785.260000 0.460452 
786.800000 0.461065 
788.330000 0.460885 
789.870000 0.461362 
791.400000 0.462085 
792.930000 0.462689 
794.460000 0.462889 
796.000000 0.463075 
797.530000 0.463476 
799.060000 0.463908 
800.590000 0.463677 
802.120000 0.464149 
803.640000 0.464365 
805.170000 0.465217 
806.700000 0.465550 
808.220000 0.466293 
809.750000 0.466345 
811.280000 0.467367 
812.800000 0.467875 
814.320000 0.468106 
815.850000 0.468606 
817.370000 0.470222 
818.890000 0.471637 
820.410000 0.474647 
821.930000 0.476007 
823.450000 0.474307 
824.970000 0.476397 
826.490000 0.477916 
828.010000 0.476799 
829.530000 0.476433 
831.040000 0.477170 
832.560000 0.478090 
834.080000 0.477673 
835.590000 0.478808 
837.110000 0.478517 
838.620000 0.478897 
840.130000 0.478879 
841.650000 0.478958 
843.160000 0.479765 
844.670000 0.479918 
846.180000 0.479952 
847.700000 0.480115 
849.210000 0.479383 
850.720000 0.479201 
852.230000 0.479992 
853.740000 0.478769 
855.250000 0.478442 
856.750000 0.479472 
858.260000 0.480215 
859.770000 0.479903 
861.280000 0.479804 
862.780000 0.480065 
864.290000 0.481372 
865.800000 0.480179 
867.300000 0.480268 
868.810000 0.481145 
870.310000 0.481679 
871.820000 0.483550 
873.320000 0.482733 
874.820000 0.482773 
876.330000 0.482900 
877.830000 0.483007 
879.330000 0.483367 
880.830000 0.483942 
882.340000 0.482651 
883.840000 0.484786 
885.340000 0.484740 
886.840000 0.484780 
888.340000 0.484064 
889.840000 0.484566 
891.340000 0.485122 
892.840000 0.484640 
894.340000 0.483871 
895.840000 0.482451 
897.340000 0.481067 
898.840000 0.478075 
900.340000 0.481407 
901.840000 0.481400 
903.330000 0.482591 
904.830000 0.483617 
906.330000 0.482394 
907.830000 0.480396 
909.320000 0.477842 
910.820000 0.477817 
912.320000 0.478347 
913.820000 0.479115 
915.310000 0.476293 
916.810000 0.475086 
918.310000 0.474112 
919.800000 0.476796 
921.300000 0.474790 
922.790000 0.470935 
924.290000 0.469758 
925.780000 0.466715 
927.280000 0.465462 
928.780000 0.457924 
930.270000 0.453219 
931.770000 0.441576 
933.260000 0.433456 
934.760000 0.430723 
936.250000 0.427625 
937.750000 0.424642 
939.240000 0.434617 
940.740000 0.427860 
942.230000 0.424958 
943.730000 0.413690 
945.220000 0.411166 
946.710000 0.401705 
948.210000 0.399986 
949.700000 0.398672 
951.200000 0.392880 
952.690000 0.390460 
954.190000 0.381963 
955.680000 0.375857 
957.170000 0.373408 
958.670000 0.365137 
960.160000 0.364470 
961.660000 0.358866 
963.150000 0.361797 
964.640000 0.357440 
966.140000 0.357177 
967.630000 0.354082 
969.120000 0.361410 
970.620000 0.357299 
972.110000 0.357673 
973.610000 0.351432 
975.100000 0.349642 
976.590000 0.349350 
978.090000 0.349923 
979.580000 0.351034 
981.070000 0.352605 
982.560000 0.352398 
984.060000 0.355989 
985.550000 0.351060 
987.040000 0.350308 
988.540000 0.354257 
990.030000 0.351285 
991.520000 0.352409 
993.010000 0.355570 
994.510000 0.354813 
996.000000 0.361240 
997.490000 0.354911 
998.980000 0.362593 
1000.470000 0.363833 
1001.960000 0.365404 
1003.460000 0.364280 
1004.950000 0.363656 
1006.440000 0.352819 
1007.930000 0.368005 
1009.420000 0.359657 
1010.910000 0.364424 
1012.400000 0.361675 
1013.890000 0.369916 
1015.380000 0.367660 
1016.870000 0.367034 
1018.360000 0.373772 
1019.840000 0.374849 
1021.330000 0.382403 
1022.820000 0.373036 
1024.310000 0.378753 
1025.790000 0.373134 
1027.280000 0.378689 
1028.770000 0.380561 
1030.250000 0.370771 
1031.740000 0.382587 
1033.220000 0.372827 
1034.710000 0.382867 
1036.190000 0.374500 
1037.670000 0.374491 
1039.160000 0.393446 
1040.640000 0.400903 
1042.120000 0.385516 
1043.600000 0.381015 
1045.080000 0.382936 
1046.560000 0.381551 
1048.040000 0.377383 
1049.510000 0.382471 
1050.990000 0.380523 
1052.470000 0.365605 
1053.940000 0.373031 
1055.420000 0.359086 
1056.890000 0.381759 
1058.360000 0.377016 
1059.830000 0.374996 
1061.300000 0.368829 
1062.770000 0.386109 
1064.240000 0.372337 
1065.710000 0.369063 
1067.170000 0.377608 
1068.640000 0.361066 
1070.100000 0.365075 
1071.560000 0.367456 
1073.030000 0.345382 
1074.480000 0.359014 
1075.940000 0.366383 
1077.400000 0.338887 
1078.850000 0.356405 
1080.310000 0.331963 
1081.760000 0.351301 
1083.210000 0.311013 
1084.660000 0.330086 
1086.100000 0.347522 
1087.550000 0.339419 
1088.990000 0.340381 
1090.430000 0.326801 
1091.870000 0.301977 
1093.310000 0.315302 
1094.740000 0.322888 