287.940000 0.130719 
289.890000 0.332266 
291.820000 0.292714 
293.750000 0.321127 
295.680000 0.319767 
297.590000 0.320731 
299.500000 0.302188 
301.400000 0.313172 
303.290000 0.329796 
305.180000 0.327225 
307.060000 0.310332 
308.940000 0.321581 
310.810000 0.344866 
312.670000 0.316311 
314.520000 0.313925 
316.370000 0.335900 
318.220000 0.331929 
320.050000 0.302629 
321.890000 0.327220 
323.710000 0.318095 
325.530000 0.329989 
327.350000 0.318743 
329.160000 0.307489 
330.960000 0.318043 
332.760000 0.326154 
334.560000 0.332248 
336.350000 0.321547 
338.140000 0.328588 
339.920000 0.305343 
341.690000 0.328355 
343.460000 0.326530 
345.230000 0.317250 
347.000000 0.318603 
348.750000 0.327564 
350.510000 0.317271 
352.260000 0.304502 
354.010000 0.297947 
355.750000 0.313831 
357.490000 0.305481 
359.230000 0.300548 
360.960000 0.296732 
362.690000 0.296003 
364.410000 0.290306 
366.140000 0.291715 
367.850000 0.293924 
369.570000 0.288601 
371.280000 0.285151 
372.990000 0.280616 
374.700000 0.275154 
376.400000 0.271949 
378.100000 0.269430 
379.800000 0.265280 
381.490000 0.257610 
383.190000 0.253792 
384.880000 0.250684 
386.560000 0.247530 
388.250000 0.243101 
389.930000 0.240395 
391.610000 0.236018 
393.290000 0.232406 
394.970000 0.228566 
396.640000 0.227334 
398.310000 0.226850 
399.980000 0.225812 
401.650000 0.225970 
403.310000 0.226103 
404.980000 0.226648 
406.640000 0.227207 
408.300000 0.227654 
409.960000 0.229218 
411.610000 0.229871 
413.270000 0.231537 
414.920000 0.232993 
416.570000 0.234214 
418.220000 0.235099 
419.870000 0.236440 
421.520000 0.237405 
423.170000 0.238496 
424.810000 0.239643 
426.460000 0.241224 
428.100000 0.242645 
429.740000 0.243506 
431.380000 0.244644 
433.020000 0.246748 
434.660000 0.248350 
436.290000 0.250315 
437.930000 0.252091 
439.560000 0.253527 
441.200000 0.254854 
442.830000 0.256669 
444.460000 0.258146 
446.090000 0.258877 
447.720000 0.259646 
449.350000 0.260621 
450.980000 0.261642 
452.610000 0.262619 
454.230000 0.263293 
455.860000 0.264517 
457.480000 0.265287 
459.110000 0.265983 
460.730000 0.266825 
462.360000 0.267668 
463.980000 0.268812 
465.600000 0.269520 
467.220000 0.270383 
468.840000 0.270873 
470.470000 0.271684 
472.090000 0.272288 
473.710000 0.273044 
475.330000 0.273468 
476.940000 0.274329 
478.560000 0.275143 
480.180000 0.275872 
481.800000 0.276190 
483.420000 0.277290 
485.030000 0.278664 
486.650000 0.279767 
488.270000 0.280776 
489.880000 0.281746 
491.500000 0.282795 
493.110000 0.283800 
494.730000 0.285218 
496.340000 0.286376 
497.960000 0.287572 
499.570000 0.289138 
501.190000 0.290770 
502.800000 0.292118 
504.420000 0.293261 
506.030000 0.294395 
507.640000 0.295601 
509.260000 0.297140 
510.870000 0.297855 
512.480000 0.299138 
514.090000 0.300098 
515.710000 0.301517 
517.320000 0.303219 
518.930000 0.304643 
520.540000 0.305434 
522.160000 0.306075 
523.770000 0.307213 
525.380000 0.308226 
526.990000 0.309434 
528.600000 0.310976 
530.210000 0.311908 
531.820000 0.312945 
533.440000 0.314405 
535.050000 0.315853 
536.660000 0.316513 
538.270000 0.317978 
539.880000 0.319007 
541.490000 0.320668 
543.100000 0.321365 
544.710000 0.322530 
546.320000 0.323358 
547.930000 0.324144 
549.540000 0.324906 
551.150000 0.325865 
552.760000 0.326642 
554.370000 0.327208 
555.980000 0.327394 
557.590000 0.328186 
559.200000 0.329180 
560.810000 0.329910 
562.410000 0.330628 
564.020000 0.330993 
565.630000 0.331793 
567.240000 0.332286 
568.850000 0.333021 
570.460000 0.333855 
572.070000 0.335003 
573.670000 0.335324 
575.280000 0.335983 
576.890000 0.336843 
578.500000 0.337228 
580.100000 0.338223 
581.710000 0.338695 
583.320000 0.338673 
584.920000 0.338861 
586.530000 0.339037 
588.140000 0.338886 
589.740000 0.339787 
591.350000 0.340820 
592.950000 0.340677 
594.560000 0.340676 
596.160000 0.340977 
597.770000 0.340966 
599.370000 0.340911 
600.980000 0.341163 
602.580000 0.341551 
604.190000 0.341816 
605.790000 0.341521 
607.390000 0.341478 
609.000000 0.341658 
610.600000 0.342060 
612.200000 0.342121 
613.800000 0.342571 
615.410000 0.342804 
617.010000 0.343110 
618.610000 0.343743 
620.210000 0.343795 
621.810000 0.343628 
623.410000 0.343910 
625.010000 0.344391 
626.610000 0.344663 
628.210000 0.344773 
629.810000 0.344926 
631.410000 0.345334 
633.010000 0.345618 
634.600000 0.345682 
636.200000 0.345708 
637.800000 0.345482 
639.390000 0.345695 
640.990000 0.345455 
642.590000 0.345769 
644.180000 0.345735 
645.780000 0.345269 
647.370000 0.345380 
648.960000 0.345859 
650.560000 0.346111 
652.150000 0.345804 
653.740000 0.345282 
655.330000 0.344748 
656.930000 0.345690 
658.520000 0.347856 
660.110000 0.347396 
661.700000 0.346627 
663.290000 0.346518 
664.870000 0.346568 
666.460000 0.346937 
668.050000 0.347163 
669.640000 0.347297 
671.220000 0.347538 
672.810000 0.347719 
674.400000 0.348097 
675.980000 0.348305 
677.570000 0.348689 
679.150000 0.348904 
680.730000 0.349053 
682.320000 0.349206 
683.900000 0.348945 
685.480000 0.347914 
687.060000 0.346345 
688.640000 0.348754 
690.220000 0.351680 
691.800000 0.351916 
693.380000 0.351270 
694.950000 0.350807 
696.530000 0.351081 
698.110000 0.350636 
699.680000 0.349983 
701.260000 0.349608 
702.830000 0.350014 
704.410000 0.350654 
705.980000 0.350635 
707.550000 0.350373 
709.120000 0.350320 
710.690000 0.350538 
712.260000 0.350477 
713.830000 0.350418 
715.400000 0.351854 
716.970000 0.352790 
718.540000 0.354570 
720.110000 0.358125 
721.670000 0.360408 
723.240000 0.357069 
724.800000 0.353861 
726.370000 0.354464 
727.930000 0.355428 
729.490000 0.355431 
731.050000 0.356656 
732.620000 0.357964 
734.180000 0.358499 
735.740000 0.357864 
737.300000 0.357621 
738.850000 0.358118 
740.410000 0.358548 
741.970000 0.358874 
743.520000 0.359321 
745.080000 0.359437 
746.630000 0.359534 
748.190000 0.360021 
749.740000 0.360347 
751.290000 0.360792 
752.840000 0.360956 
754.400000 0.361569 
755.950000 0.361580 
757.500000 0.361327 
759.040000 0.355819 
760.590000 0.342967 
762.140000 0.350142 
763.690000 0.362018 
765.230000 0.368726 
766.780000 0.370563 
768.320000 0.370183 
769.860000 0.367485 
771.410000 0.366147 
772.950000 0.364942 
774.490000 0.365471 
776.030000 0.365443 
777.570000 0.365995 
779.110000 0.365769 
780.650000 0.366199 
782.190000 0.366878 
783.720000 0.367000 
785.260000 0.366189 
786.800000 0.367001 
788.330000 0.366339 
789.870000 0.367263 
791.400000 0.367067 
792.930000 0.367424 
794.460000 0.368090 
796.000000 0.367552 
797.530000 0.368189 
799.060000 0.368531 
800.590000 0.367741 
802.120000 0.368183 
803.640000 0.369156 
805.170000 0.369387 
806.700000 0.368592 
808.220000 0.369246 
809.750000 0.369391 
811.280000 0.369050 
812.800000 0.367638 
814.320000 0.367203 
815.850000 0.366808 
817.370000 0.367242 
818.890000 0.370415 
820.410000 0.372184 
821.930000 0.371347 
823.450000 0.370242 
824.970000 0.372102 
826.490000 0.372894 
828.010000 0.371614 
829.530000 0.371150 
831.040000 0.372780 
832.560000 0.373449 
834.080000 0.373774 
835.590000 0.374945 
837.110000 0.374490 
838.620000 0.375427 
840.130000 0.374911 
841.650000 0.375394 
843.160000 0.374854 
844.670000 0.374755 
846.180000 0.374898 
847.700000 0.375754 
849.210000 0.374222 
850.720000 0.374864 
852.230000 0.375511 
853.740000 0.374076 
855.250000 0.374269 
856.750000 0.376732 
858.260000 0.376789 
859.770000 0.377326 
861.280000 0.376563 
862.780000 0.376416 
864.290000 0.377595 
865.800000 0.375068 
867.300000 0.375618 
868.810000 0.377185 
870.310000 0.378027 
871.820000 0.378187 
873.320000 0.378681 
874.820000 0.377685 
876.330000 0.376023 
877.830000 0.377585 
879.330000 0.377486 
880.830000 0.377141 
882.340000 0.377273 
883.840000 0.377814 
885.340000 0.377601 
886.840000 0.376823 
888.340000 0.377713 
889.840000 0.378232 
891.340000 0.376811 
892.840000 0.376395 
894.340000 0.376832 
895.840000 0.372392 
897.340000 0.373654 
898.840000 0.373821 
900.340000 0.375930 
901.840000 0.376355 
903.330000 0.381261 
904.830000 0.381100 
906.330000 0.378968 
907.830000 0.376629 
909.320000 0.375019 
910.820000 0.378869 
912.320000 0.377166 
913.820000 0.378095 
915.310000 0.376695 
916.810000 0.381933 
918.310000 0.380318 
919.800000 0.385149 
921.300000 0.384550 
922.790000 0.381400 
924.290000 0.380745 
925.780000 0.380354 
927.280000 0.380029 
928.780000 0.374664 
930.270000 0.368511 
931.770000 0.364876 
933.260000 0.364910 
934.760000 0.358614 
936.250000 0.360282 
937.750000 0.380712 
939.240000 0.390766 
940.740000 0.391678 
942.230000 0.385295 
943.730000 0.383777 
945.220000 0.366380 
946.710000 0.381491 
948.210000 0.384762 
949.700000 0.391413 
951.200000 0.388005 
952.690000 0.394328 
954.190000 0.393161 
955.680000 0.391166 
957.170000 0.398163 
958.670000 0.396980 
960.160000 0.405631 
961.660000 0.406765 
963.150000 0.405855 
964.640000 0.396500 
966.140000 0.406144 
967.630000 0.409896 
969.120000 0.416704 
970.620000 0.410607 
972.110000 0.405156 
973.610000 0.410210 
975.100000 0.406002 
976.590000 0.400890 
978.090000 0.401762 
979.580000 0.414481 
981.070000 0.414731 
982.560000 0.413713 
984.060000 0.411246 
985.550000 0.406907 
987.040000 0.411812 
988.540000 0.401804 
990.030000 0.411863 
991.520000 0.399996 
993.010000 0.403532 
994.510000 0.409103 
996.000000 0.405153 
997.490000 0.398656 
998.980000 0.400555 
1000.470000 0.411316 
1001.960000 0.405461 
1003.460000 0.400100 
1004.950000 0.403162 
1006.440000 0.402576 
1007.930000 0.412850 
1009.420000 0.396710 
1010.910000 0.404753 
1012.400000 0.396779 
1013.890000 0.385070 
1015.380000 0.394238 
1016.870000 0.404529 
1018.360000 0.385594 
1019.840000 0.402190 
1021.330000 0.391267 
1022.820000 0.391511 
1024.310000 0.380450 
1025.790000 0.405625 
1027.280000 0.383763 
1028.770000 0.388511 
1030.250000 0.399286 
1031.740000 0.398514 
1033.220000 0.369677 
1034.710000 0.377048 
1036.190000 0.391861 
1037.670000 0.410894 
1039.160000 0.382848 
1040.640000 0.377327 
1042.120000 0.367434 
1043.600000 0.369953 
1045.080000 0.373858 
1046.560000 0.362497 
1048.040000 0.395098 
1049.510000 0.358891 
1050.990000 0.352424 
1052.470000 0.383149 
1053.940000 0.361839 
1055.420000 0.385170 
1056.890000 0.373542 
1058.360000 0.384255 
1059.830000 0.374059 
1061.300000 0.368745 
1062.770000 0.369733 
1064.240000 0.360852 
1065.710000 0.346151 
1067.170000 0.360911 
1068.640000 0.356518 
1070.100000 0.396771 
1071.560000 0.347822 
1073.030000 0.373843 
1074.480000 0.353786 
1075.940000 0.371029 
1077.400000 0.370965 
1078.850000 0.334923 
1080.310000 0.401335 
1081.760000 0.337106 
1083.210000 0.338706 
1084.660000 0.390275 
1086.100000 0.327456 
1087.550000 0.348177 
1088.990000 0.379498 
1090.430000 0.352828 
1091.870000 0.344604 
1093.310000 0.340382 
1094.740000 0.347913 