340 0.066800
341 0.066800
342 0.066800
343 0.066300
344 0.065800
345 0.065300
346 0.064900
347 0.064600
348 0.064200
349 0.063900
350 0.063600
351 0.063300
352 0.063000
353 0.062600
354 0.062400
355 0.062200
356 0.062000
357 0.061700
358 0.061500
359 0.061300
360 0.061200
361 0.061000
362 0.060900
363 0.060900
364 0.060800
365 0.060800
366 0.060800
367 0.060800
368 0.060900
369 0.061000
370 0.061100
371 0.061300
372 0.061500
373 0.061800
374 0.062000
375 0.062300
376 0.062500
377 0.062800
378 0.063100
379 0.063400
380 0.063700
381 0.064000
382 0.064300
383 0.064500
384 0.064800
385 0.065000
386 0.065200
387 0.065400
388 0.065700
389 0.065900
390 0.066100
391 0.066300
392 0.066600
393 0.066800
394 0.067100
395 0.067300
396 0.067600
397 0.067900
398 0.068100
399 0.068400
400 0.068800
401 0.069100
402 0.069400
403 0.069800
404 0.070200
405 0.070600
406 0.071000
407 0.071400
408 0.071800
409 0.072300
410 0.072700
411 0.073100
412 0.073500
413 0.073900
414 0.074300
415 0.074600
416 0.074900
417 0.075300
418 0.075600
419 0.075900
420 0.076200
421 0.076500
422 0.076700
423 0.077000
424 0.077300
425 0.077600
426 0.077900
427 0.078200
428 0.078400
429 0.078700
430 0.079000
431 0.079400
432 0.079700
433 0.080000
434 0.080300
435 0.080500
436 0.080700
437 0.080800
438 0.080800
439 0.080800
440 0.080700
441 0.080500
442 0.080200
443 0.079800
444 0.079400
445 0.078900
446 0.078300
447 0.077700
448 0.077200
449 0.076600
450 0.076100
451 0.075600
452 0.075200
453 0.074900
454 0.074600
455 0.074300
456 0.074000
457 0.073800
458 0.073500
459 0.073300
460 0.073000
461 0.072700
462 0.072400
463 0.072000
464 0.071500
465 0.071000
466 0.070500
467 0.069900
468 0.069300
469 0.068600
470 0.067900
471 0.067200
472 0.066500
473 0.065700
474 0.065000
475 0.064200
476 0.063500
477 0.062700
478 0.061900
479 0.061200
480 0.060500
481 0.059700
482 0.059000
483 0.058300
484 0.057600
485 0.056900
486 0.056300
487 0.055600
488 0.054900
489 0.054200
490 0.053500
491 0.052800
492 0.052000
493 0.051200
494 0.050400
495 0.049500
496 0.048600
497 0.047700
498 0.046800
499 0.045900
500 0.044900
501 0.043900
502 0.042900
503 0.041900
504 0.040900
505 0.039900
506 0.038900
507 0.038000
508 0.037000
509 0.036100
510 0.035200
511 0.034300
512 0.033400
513 0.032600
514 0.031800
515 0.031000
516 0.030200
517 0.029400
518 0.028700
519 0.027900
520 0.027200
521 0.026500
522 0.025800
523 0.025200
524 0.024500
525 0.023900
526 0.023300
527 0.022700
528 0.022200
529 0.021700
530 0.021100
531 0.020600
532 0.020200
533 0.019700
534 0.019200
535 0.018800
536 0.018300
537 0.017900
538 0.017500
539 0.017000
540 0.016600
541 0.016200
542 0.015800
543 0.015400
544 0.015000
545 0.014700
546 0.014300
547 0.014000
548 0.013600
549 0.013300
550 0.013000
551 0.012700
552 0.012400
553 0.012100
554 0.011800
555 0.011500
556 0.011300
557 0.011000
558 0.010700
559 0.010500
560 0.010300
561 0.010000
562 0.009800
563 0.009600
564 0.009500
565 0.009300
566 0.009100
567 0.009000
568 0.008900
569 0.008800
570 0.008700
571 0.008600
572 0.008600
573 0.008600
574 0.008600
575 0.008600
576 0.008700
577 0.008700
578 0.008800
579 0.008900
580 0.009000
581 0.009100
582 0.009200
583 0.009300
584 0.009300
585 0.009400
586 0.009500
587 0.009500
588 0.009600
589 0.009600
590 0.009600
591 0.009600
592 0.009600
593 0.009600
594 0.009600
595 0.009500
596 0.009400
597 0.009400
598 0.009300
599 0.009200
600 0.009100
601 0.009000
602 0.009000
603 0.008900
604 0.008800
605 0.008800
606 0.008700
607 0.008700
608 0.008600
609 0.008500
610 0.008500
611 0.008400
612 0.008300
613 0.008200
614 0.008100
615 0.008000
616 0.007900
617 0.007800
618 0.007800
619 0.007800
620 0.007800
621 0.007800
622 0.007800
623 0.007800
624 0.007900
625 0.008000
626 0.008000
627 0.008100
628 0.008200
629 0.008300
630 0.008400
631 0.008400
632 0.008500
633 0.008600
634 0.008600
635 0.008600
636 0.008600
637 0.008600
638 0.008600
639 0.008600
640 0.008500
641 0.008500
642 0.008400
643 0.008400
644 0.008300
645 0.008300
646 0.008200
647 0.008200
648 0.008100
649 0.008100
650 0.008100
651 0.008200
652 0.008200
653 0.008300
654 0.008400
655 0.008600
656 0.008800
657 0.009100
658 0.009400
659 0.009900
660 0.010400
661 0.011100
662 0.011800
663 0.012600
664 0.013400
665 0.014300
666 0.015300
667 0.016400
668 0.017400
669 0.018400
670 0.019400
671 0.020300
672 0.021200
673 0.021900
674 0.022500
675 0.023000
676 0.023300
677 0.023400
678 0.023400
679 0.023100
680 0.022600
681 0.022000
682 0.021100
683 0.020100
684 0.019000
685 0.017800
686 0.016200
687 0.014700
688 0.013400
689 0.012200
690 0.011100
691 0.010100
692 0.009100
693 0.008300
694 0.007600
695 0.006900
696 0.006300
697 0.005700
698 0.005200
699 0.004700
700 0.004300
701 0.003900
702 0.003500
703 0.003200
704 0.002900
705 0.002700
706 0.002400
707 0.002200
708 0.002000
709 0.001800
710 0.001700
711 0.001500
712 0.001400
713 0.001300
714 0.001200
715 0.001100
716 0.001000
717 0.000900
718 0.000800
719 0.000700
720 0.000700
721 0.000600
722 0.000600
723 0.000500
724 0.000500
725 0.000400
726 0.000400
727 0.000300
728 0.000300
729 0.000300
730 0.000300
731 0.000200
732 0.000200
733 0.000200
734 0.000200
735 0.000200
736 0.000200
737 0.000100
738 0.000100
739 0.000100
740 0.000100
741 0.000100
742 0.000100
743 0.000100
744 0.000100
745 0.000100
746 0.000100
747 0.000100
748 0.000100
749 0.000000
750 0.000000
751 0.000000
752 0.000000
753 0.000000
754 0.000000
755 0.000000
756 0.000000
757 0.000000
758 0.000000
759 0.000000
760 0.000000
761 0.000000
762 0.000000
763 0.000000
764 0.000000
765 0.000000
766 0.000000
767 0.000000
768 0.000009
769 0.000008
770 0.000008
771 0.000007
772 0.000007
773 0.000006
774 0.000005
775 0.000005
776 0.000005
777 0.000004
778 0.000004
779 0.000004
780 0.000003
781 0.000003
782 0.000003
783 0.000003
784 0.000002
785 0.000002
786 0.000002
787 0.000002
788 0.000002
789 0.000002
790 0.000001
791 0.000001
792 0.000001
793 0.000001
794 0.000001
795 0.000001
796 0.000001
797 0.000001
798 0.000001
799 0.000001
800 0.000001
801 0.000001
802 0.000001
803 0.000000
804 0.000000
805 0.000000
806 0.000000
807 0.000000
808 0.000000
809 0.000000
810 0.000000
811 0.000000
812 0.000000
813 0.000000
814 0.000000
815 0.000000
816 0.000000
817 0.000000
818 0.000000
819 0.000000
820 0.000000
821 0.000000
822 0.000000
823 0.000000
824 0.000000
825 0.000000
826 0.000000
827 0.000000
828 0.000000
829 0.000000
830 0.000000
831 0.000000
832 0.000000
833 0.000000
834 0.000000
835 0.000000
836 0.000000
837 0.000000
838 0.000000
839 0.000000
840 0.000000
841 0.000000
842 0.000000
843 0.000000
844 0.000000
845 0.000000
846 0.000000
847 0.000000
848 0.000000
849 0.000000
850 0.000000
851 0.000000
852 0.000000
853 0.000000
854 0.000000
855 0.000000
856 0.000000
857 0.000000
858 0.000000
859 0.000000
860 0.000000
861 0.000000
862 0.000000
863 0.000000
864 0.000000
865 0.000000
866 0.000000
867 0.000000
868 0.000000
869 0.000000
870 0.000000
871 0.000000
872 0.000000
873 0.000000
874 0.000000
875 0.000000
876 0.000000
877 0.000000
878 0.000000
879 0.000000
880 0.000000
881 0.000000
882 0.000000
883 0.000000
884 0.000000
885 0.000000
886 0.000000
887 0.000000
888 0.000000
889 0.000000
890 0.000000
891 0.000000
892 0.000000
893 0.000000
894 0.000000
895 0.000000
896 0.000000
897 0.000000
898 0.000000
899 0.000000
900 0.000000
901 0.000000
902 0.000000
903 0.000000
904 0.000000
905 0.000000
906 0.000000
907 0.000000
908 0.000000
909 0.000000
910 0.000000
911 0.000000
912 0.000000
913 0.000000
914 0.000000
915 0.000000
916 0.000000
917 0.000000
918 0.000000
919 0.000000
920 0.000000
921 0.000000
922 0.000000
923 0.000000
924 0.000000
925 0.000000
926 0.000000
927 0.000000
928 0.000000
929 0.000000
930 0.000000
931 0.000000
932 0.000000
933 0.000000
934 0.000000
935 0.000000
936 0.000000
937 0.000000
938 0.000000
939 0.000000
940 0.000000
941 0.000000
942 0.000000
943 0.000000
944 0.000000
945 0.000000
946 0.000000
947 0.000000
948 0.000000
949 0.000000
950 0.000000
951 0.000000
952 0.000000
953 0.000000
954 0.000000
955 0.000000
956 0.000000
957 0.000000
958 0.000000
959 0.000000
960 0.000000
961 0.000000
962 0.000000
963 0.000000
964 0.000000
965 0.000000
966 0.000000
967 0.000000
968 0.000000
969 0.000000
970 0.000000
971 0.000000
972 0.000000
973 0.000000
974 0.000000
975 0.000000
976 0.000000
977 0.000000
978 0.000000
979 0.000000
980 0.000000
981 0.000000
982 0.000000
983 0.000000
984 0.000000
985 0.000000
986 0.000000
987 0.000000
988 0.000000
989 0.000000
990 0.000000
991 0.000000
992 0.000000
993 0.000000
994 0.000000
995 0.000000
996 0.000000
997 0.000000
998 0.000000
999 0.000000
1000 0.000000
1001 0.000000
1002 0.000000
1003 0.000000
1004 0.000000
1005 0.000000
1006 0.000000
1007 0.000000
1008 0.000000
1009 0.000000
1010 0.000000
1011 0.000000
1012 0.000000
1013 0.000000
1014 0.000000
1015 0.000000
1016 0.000000
1017 0.000000
1018 0.000000
1019 0.000000
1020 0.000000
1021 0.000000
1022 0.000000
1023 0.000000
1024 0.000000
1025 0.000000
1026 0.000000
1027 0.000000
1028 0.000000
1029 0.000000
1030 0.000000
1031 0.000000
1032 0.000000
1033 0.000000
1034 0.000000
1035 0.000000
1036 0.000000
1037 0.000000
1038 0.000000
1039 0.000000
1040 0.000000
1041 0.000000
1042 0.000000
1043 0.000000
1044 0.000000
1045 0.000000
1046 0.000000
1047 0.000000
1048 0.000000
1049 0.000000
1050 0.000000
1051 0.000000
1052 0.000000
1053 0.000000
1054 0.000000
1055 0.000000
1056 0.000000
1057 0.000000
1058 0.000000
1059 0.000000
1060 0.000000
1061 0.000000
1062 0.000000
1063 0.000000
1064 0.000000
1065 0.000000
1066 0.000000
1067 0.000000
1068 0.000000
1069 0.000000
1070 0.000000
1071 0.000000
1072 0.000000
1073 0.000000
1074 0.000000
1075 0.000000
1076 0.000000
1077 0.000000
1078 0.000000
1079 0.000000
1080 0.000000
1081 0.000000
1082 0.000000
1083 0.000000
1084 0.000000
1085 0.000000
1086 0.000000
1087 0.000000
1088 0.000000
1089 0.000000
1090 0.000000
1091 0.000000
1092 0.000000
1093 0.000000
1094 0.000000
1095 0.000000
1096 0.000000
1097 0.000000
1098 0.000000
1099 0.000000
1100 0.000000
