340 0.026900
341 0.026900
342 0.026900
343 0.026900
344 0.026900
345 0.026900
346 0.026900
347 0.026900
348 0.026900
349 0.026900
350 0.026900
351 0.026900
352 0.026900
353 0.026900
354 0.026900
355 0.026900
356 0.026900
357 0.026900
358 0.026900
359 0.026900
360 0.026900
361 0.026900
362 0.026900
363 0.026900
364 0.026900
365 0.026900
366 0.026900
367 0.026900
368 0.026900
369 0.026900
370 0.026900
371 0.026900
372 0.026900
373 0.026900
374 0.026900
375 0.026900
376 0.027000
377 0.027000
378 0.027100
379 0.027100
380 0.027200
381 0.027400
382 0.027600
383 0.028000
384 0.028400
385 0.028700
386 0.029100
387 0.029500
388 0.029900
389 0.030200
390 0.030600
391 0.031000
392 0.031400
393 0.031800
394 0.032100
395 0.032500
396 0.032900
397 0.033300
398 0.033600
399 0.034000
400 0.034400
401 0.034800
402 0.035200
403 0.035500
404 0.035900
405 0.036300
406 0.036700
407 0.037000
408 0.037400
409 0.037800
410 0.038200
411 0.038500
412 0.038800
413 0.039000
414 0.039200
415 0.039400
416 0.039500
417 0.039700
418 0.039800
419 0.039900
420 0.040000
421 0.040200
422 0.040300
423 0.040500
424 0.040700
425 0.040900
426 0.041100
427 0.041400
428 0.041800
429 0.042100
430 0.042400
431 0.042700
432 0.043100
433 0.043300
434 0.043600
435 0.043800
436 0.043900
437 0.044000
438 0.044000
439 0.044000
440 0.043900
441 0.043600
442 0.043400
443 0.043100
444 0.042800
445 0.042500
446 0.042100
447 0.041800
448 0.041500
449 0.041200
450 0.041000
451 0.040800
452 0.040600
453 0.040500
454 0.040300
455 0.040200
456 0.040000
457 0.039900
458 0.039800
459 0.039700
460 0.039600
461 0.039400
462 0.039300
463 0.039100
464 0.038900
465 0.038700
466 0.038500
467 0.038200
468 0.037900
469 0.037600
470 0.037300
471 0.036900
472 0.036500
473 0.036100
474 0.035600
475 0.035200
476 0.034700
477 0.034300
478 0.033800
479 0.033400
480 0.033000
481 0.032600
482 0.032100
483 0.031800
484 0.031400
485 0.031000
486 0.030600
487 0.030200
488 0.029900
489 0.029500
490 0.029200
491 0.028800
492 0.028500
493 0.028100
494 0.027700
495 0.027400
496 0.027000
497 0.026700
498 0.026300
499 0.026000
500 0.025700
501 0.025300
502 0.024900
503 0.024600
504 0.024200
505 0.023900
506 0.023500
507 0.023200
508 0.022900
509 0.022600
510 0.022200
511 0.021900
512 0.021500
513 0.021200
514 0.020900
515 0.020500
516 0.020200
517 0.019900
518 0.019600
519 0.019300
520 0.018900
521 0.018600
522 0.018300
523 0.018000
524 0.017600
525 0.017300
526 0.017000
527 0.016700
528 0.016400
529 0.016100
530 0.015800
531 0.015500
532 0.015200
533 0.014900
534 0.014600
535 0.014300
536 0.014100
537 0.013800
538 0.013500
539 0.013200
540 0.013000
541 0.012700
542 0.012400
543 0.012100
544 0.011900
545 0.011600
546 0.011300
547 0.011000
548 0.010800
549 0.010500
550 0.010200
551 0.010000
552 0.009700
553 0.009500
554 0.009200
555 0.009000
556 0.008800
557 0.008600
558 0.008400
559 0.008300
560 0.008100
561 0.008000
562 0.007900
563 0.007800
564 0.007700
565 0.007600
566 0.007500
567 0.007500
568 0.007400
569 0.007400
570 0.007400
571 0.007500
572 0.007500
573 0.007600
574 0.007600
575 0.007700
576 0.007800
577 0.007800
578 0.007900
579 0.008000
580 0.008100
581 0.008200
582 0.008300
583 0.008400
584 0.008500
585 0.008600
586 0.008700
587 0.008700
588 0.008800
589 0.008800
590 0.008800
591 0.008700
592 0.008700
593 0.008600
594 0.008500
595 0.008400
596 0.008200
597 0.008100
598 0.008000
599 0.007900
600 0.007800
601 0.007700
602 0.007600
603 0.007500
604 0.007500
605 0.007400
606 0.007400
607 0.007400
608 0.007400
609 0.007500
610 0.007600
611 0.007700
612 0.007800
613 0.007900
614 0.008000
615 0.008100
616 0.008200
617 0.008300
618 0.008300
619 0.008400
620 0.008500
621 0.008600
622 0.008600
623 0.008700
624 0.008800
625 0.008900
626 0.009000
627 0.009200
628 0.009300
629 0.009400
630 0.009400
631 0.009500
632 0.009600
633 0.009600
634 0.009600
635 0.009700
636 0.009700
637 0.009700
638 0.009700
639 0.009700
640 0.009600
641 0.009600
642 0.009500
643 0.009400
644 0.009300
645 0.009100
646 0.009000
647 0.008900
648 0.008800
649 0.008800
650 0.008700
651 0.008800
652 0.008900
653 0.009100
654 0.009400
655 0.009800
656 0.010300
657 0.010900
658 0.011500
659 0.012300
660 0.013100
661 0.014000
662 0.014900
663 0.016000
664 0.017000
665 0.018000
666 0.019000
667 0.019900
668 0.020800
669 0.021600
670 0.022300
671 0.022900
672 0.023500
673 0.023800
674 0.024200
675 0.024200
676 0.024200
677 0.023800
678 0.023400
679 0.022700
680 0.021900
681 0.020800
682 0.019700
683 0.018400
684 0.017000
685 0.015600
686 0.014300
687 0.012900
688 0.011600
689 0.010300
690 0.009100
691 0.008100
692 0.007100
693 0.006200
694 0.005400
695 0.004700
696 0.004100
697 0.003600
698 0.003200
699 0.002900
700 0.002600
701 0.002400
702 0.002100
703 0.001900
704 0.001800
705 0.001600
706 0.001500
707 0.001400
708 0.001300
709 0.001300
710 0.001200
711 0.001200
712 0.001100
713 0.001100
714 0.001000
715 0.001000
716 0.001000
717 0.000900
718 0.000900
719 0.000900
720 0.000900
721 0.000800
722 0.000800
723 0.000700
724 0.000700
725 0.000600
726 0.000600
727 0.000600
728 0.000600
729 0.000500
730 0.000500
731 0.000500
732 0.000500
733 0.000400
734 0.000400
735 0.000400
736 0.000400
737 0.000400
738 0.000400
739 0.000300
740 0.000300
741 0.000300
742 0.000300
743 0.000300
744 0.000300
745 0.000300
746 0.000200
747 0.000200
748 0.000200
749 0.000200
750 0.000200
751 0.000200
752 0.000200
753 0.000200
754 0.000200
755 0.000200
756 0.000200
757 0.000100
758 0.000100
759 0.000100
760 0.000100
761 0.000100
762 0.000100
763 0.000100
764 0.000100
765 0.000100
766 0.000100
767 0.000100
768 0.000100
769 0.000100
770 0.000100
771 0.000100
772 0.000100
773 0.000100
774 0.000100
775 0.000100
776 0.000100
777 0.000100
778 0.000100
779 0.000100
780 0.000100
781 0.000100
782 0.000000
783 0.000000
784 0.000000
785 0.000000
786 0.000000
787 0.000000
788 0.000000
789 0.000000
790 0.000000
791 0.000000
792 0.000000
793 0.000000
794 0.000000
795 0.000000
796 0.000000
797 0.000000
798 0.000000
799 0.000000
800 0.000000
801 0.000000
802 0.000000
803 0.000000
804 0.000000
805 0.000000
806 0.000000
807 0.000000
808 0.000000
809 0.000000
810 0.000000
811 0.000000
812 0.000000
813 0.000000
814 0.000000
815 0.000000
816 0.000000
817 0.000010
818 0.000010
819 0.000009
820 0.000009
821 0.000008
822 0.000008
823 0.000008
824 0.000007
825 0.000007
826 0.000007
827 0.000006
828 0.000006
829 0.000006
830 0.000006
831 0.000005
832 0.000005
833 0.000005
834 0.000005
835 0.000004
836 0.000004
837 0.000004
838 0.000004
839 0.000004
840 0.000004
841 0.000003
842 0.000003
843 0.000003
844 0.000003
845 0.000003
846 0.000003
847 0.000003
848 0.000002
849 0.000002
850 0.000002
851 0.000002
852 0.000002
853 0.000002
854 0.000002
855 0.000002
856 0.000002
857 0.000002
858 0.000002
859 0.000001
860 0.000001
861 0.000001
862 0.000001
863 0.000001
864 0.000001
865 0.000001
866 0.000001
867 0.000001
868 0.000001
869 0.000001
870 0.000001
871 0.000001
872 0.000001
873 0.000001
874 0.000001
875 0.000001
876 0.000001
877 0.000001
878 0.000001
879 0.000001
880 0.000001
881 0.000001
882 0.000001
883 0.000001
884 0.000000
885 0.000000
886 0.000000
887 0.000000
888 0.000000
889 0.000000
890 0.000000
891 0.000000
892 0.000000
893 0.000000
894 0.000000
895 0.000000
896 0.000000
897 0.000000
898 0.000000
899 0.000000
900 0.000000
901 0.000000
902 0.000000
903 0.000000
904 0.000000
905 0.000000
906 0.000000
907 0.000000
908 0.000000
909 0.000000
910 0.000000
911 0.000000
912 0.000000
913 0.000000
914 0.000000
915 0.000000
916 0.000000
917 0.000000
918 0.000000
919 0.000000
920 0.000000
921 0.000000
922 0.000000
923 0.000000
924 0.000000
925 0.000000
926 0.000000
927 0.000000
928 0.000000
929 0.000000
930 0.000000
931 0.000000
932 0.000000
933 0.000000
934 0.000000
935 0.000000
936 0.000000
937 0.000000
938 0.000000
939 0.000000
940 0.000000
941 0.000000
942 0.000000
943 0.000000
944 0.000000
945 0.000000
946 0.000000
947 0.000000
948 0.000000
949 0.000000
950 0.000000
951 0.000000
952 0.000000
953 0.000000
954 0.000000
955 0.000000
956 0.000000
957 0.000000
958 0.000000
959 0.000000
960 0.000000
961 0.000000
962 0.000000
963 0.000000
964 0.000000
965 0.000000
966 0.000000
967 0.000000
968 0.000000
969 0.000000
970 0.000000
971 0.000000
972 0.000000
973 0.000000
974 0.000000
975 0.000000
976 0.000000
977 0.000000
978 0.000000
979 0.000000
980 0.000000
981 0.000000
982 0.000000
983 0.000000
984 0.000000
985 0.000000
986 0.000000
987 0.000000
988 0.000000
989 0.000000
990 0.000000
991 0.000000
992 0.000000
993 0.000000
994 0.000000
995 0.000000
996 0.000000
997 0.000000
998 0.000000
999 0.000000
1000 0.000000
1001 0.000000
1002 0.000000
1003 0.000000
1004 0.000000
1005 0.000000
1006 0.000000
1007 0.000000
1008 0.000000
1009 0.000000
1010 0.000000
1011 0.000000
1012 0.000000
1013 0.000000
1014 0.000000
1015 0.000000
1016 0.000000
1017 0.000000
1018 0.000000
1019 0.000000
1020 0.000000
1021 0.000000
1022 0.000000
1023 0.000000
1024 0.000000
1025 0.000000
1026 0.000000
1027 0.000000
1028 0.000000
1029 0.000000
1030 0.000000
1031 0.000000
1032 0.000000
1033 0.000000
1034 0.000000
1035 0.000000
1036 0.000000
1037 0.000000
1038 0.000000
1039 0.000000
1040 0.000000
1041 0.000000
1042 0.000000
1043 0.000000
1044 0.000000
1045 0.000000
1046 0.000000
1047 0.000000
1048 0.000000
1049 0.000000
1050 0.000000
1051 0.000000
1052 0.000000
1053 0.000000
1054 0.000000
1055 0.000000
1056 0.000000
1057 0.000000
1058 0.000000
1059 0.000000
1060 0.000000
1061 0.000000
1062 0.000000
1063 0.000000
1064 0.000000
1065 0.000000
1066 0.000000
1067 0.000000
1068 0.000000
1069 0.000000
1070 0.000000
1071 0.000000
1072 0.000000
1073 0.000000
1074 0.000000
1075 0.000000
1076 0.000000
1077 0.000000
1078 0.000000
1079 0.000000
1080 0.000000
1081 0.000000
1082 0.000000
1083 0.000000
1084 0.000000
1085 0.000000
1086 0.000000
1087 0.000000
1088 0.000000
1089 0.000000
1090 0.000000
1091 0.000000
1092 0.000000
1093 0.000000
1094 0.000000
1095 0.000000
1096 0.000000
1097 0.000000
1098 0.000000
1099 0.000000
1100 0.000000
