340 0.020000
341 0.020000
342 0.020000
343 0.020000
344 0.020000
345 0.020000
346 0.020000
347 0.020000
348 0.020000
349 0.020000
350 0.020000
351 0.020000
352 0.020000
353 0.020000
354 0.020000
355 0.020000
356 0.020000
357 0.020000
358 0.020000
359 0.020000
360 0.020000
361 0.020000
362 0.020000
363 0.020000
364 0.020000
365 0.020000
366 0.020000
367 0.020000
368 0.020000
369 0.020000
370 0.020000
371 0.020000
372 0.020000
373 0.020000
374 0.020000
375 0.020000
376 0.020100
377 0.020100
378 0.020100
379 0.020100
380 0.020200
381 0.020300
382 0.020400
383 0.020600
384 0.020700
385 0.020900
386 0.021100
387 0.021300
388 0.021500
389 0.021600
390 0.021800
391 0.022000
392 0.022200
393 0.022400
394 0.022500
395 0.022700
396 0.022900
397 0.023100
398 0.023300
399 0.023400
400 0.023600
401 0.023800
402 0.024000
403 0.024200
404 0.024400
405 0.024600
406 0.024800
407 0.025100
408 0.025300
409 0.025500
410 0.025700
411 0.025900
412 0.026100
413 0.026200
414 0.026400
415 0.026500
416 0.026700
417 0.026800
418 0.026900
419 0.027000
420 0.027000
421 0.027100
422 0.027200
423 0.027300
424 0.027400
425 0.027500
426 0.027600
427 0.027700
428 0.027900
429 0.028000
430 0.028100
431 0.028200
432 0.028300
433 0.028400
434 0.028400
435 0.028500
436 0.028400
437 0.028400
438 0.028300
439 0.028200
440 0.028100
441 0.027900
442 0.027700
443 0.027500
444 0.027200
445 0.026900
446 0.026600
447 0.026300
448 0.026000
449 0.025600
450 0.025300
451 0.025000
452 0.024700
453 0.024500
454 0.024300
455 0.024000
456 0.023900
457 0.023800
458 0.023600
459 0.023600
460 0.023500
461 0.023500
462 0.023400
463 0.023400
464 0.023400
465 0.023400
466 0.023500
467 0.023500
468 0.023500
469 0.023500
470 0.023500
471 0.023500
472 0.023500
473 0.023500
474 0.023500
475 0.023500
476 0.023500
477 0.023400
478 0.023400
479 0.023300
480 0.023200
481 0.023200
482 0.023100
483 0.023000
484 0.022900
485 0.022700
486 0.022600
487 0.022400
488 0.022200
489 0.021900
490 0.021700
491 0.021400
492 0.021100
493 0.020700
494 0.020300
495 0.019900
496 0.019400
497 0.018900
498 0.018400
499 0.017900
500 0.017300
501 0.016800
502 0.016200
503 0.015600
504 0.015000
505 0.014400
506 0.013800
507 0.013200
508 0.012600
509 0.012100
510 0.011500
511 0.010900
512 0.010400
513 0.009900
514 0.009400
515 0.008900
516 0.008500
517 0.008100
518 0.007700
519 0.007400
520 0.007000
521 0.006700
522 0.006400
523 0.006200
524 0.005900
525 0.005700
526 0.005500
527 0.005400
528 0.005200
529 0.005100
530 0.005000
531 0.004900
532 0.004800
533 0.004700
534 0.004600
535 0.004600
536 0.004500
537 0.004500
538 0.004400
539 0.004400
540 0.004400
541 0.004400
542 0.004300
543 0.004300
544 0.004300
545 0.004300
546 0.004300
547 0.004300
548 0.004300
549 0.004300
550 0.004300
551 0.004300
552 0.004300
553 0.004300
554 0.004300
555 0.004300
556 0.004400
557 0.004400
558 0.004400
559 0.004500
560 0.004500
561 0.004600
562 0.004700
563 0.004700
564 0.004800
565 0.004900
566 0.005000
567 0.005100
568 0.005200
569 0.005300
570 0.005400
571 0.005500
572 0.005600
573 0.005700
574 0.005900
575 0.006000
576 0.006100
577 0.006200
578 0.006300
579 0.006400
580 0.006500
581 0.006600
582 0.006700
583 0.006800
584 0.006900
585 0.007000
586 0.007100
587 0.007200
588 0.007300
589 0.007300
590 0.007400
591 0.007500
592 0.007600
593 0.007700
594 0.007700
595 0.007800
596 0.007900
597 0.007900
598 0.008000
599 0.008100
600 0.008200
601 0.008200
602 0.008300
603 0.008400
604 0.008500
605 0.008500
606 0.008600
607 0.008700
608 0.008800
609 0.008900
610 0.009000
611 0.009100
612 0.009200
613 0.009300
614 0.009500
615 0.009600
616 0.009700
617 0.009800
618 0.009800
619 0.009900
620 0.010000
621 0.010100
622 0.010100
623 0.010200
624 0.010200
625 0.010300
626 0.010300
627 0.010400
628 0.010400
629 0.010400
630 0.010500
631 0.010500
632 0.010600
633 0.010600
634 0.010700
635 0.010800
636 0.010900
637 0.011000
638 0.011200
639 0.011400
640 0.011700
641 0.012000
642 0.012300
643 0.012600
644 0.013000
645 0.013300
646 0.013700
647 0.014000
648 0.014400
649 0.014700
650 0.015000
651 0.015300
652 0.015600
653 0.015900
654 0.016100
655 0.016400
656 0.016700
657 0.017000
658 0.017300
659 0.017700
660 0.018100
661 0.018500
662 0.018900
663 0.019400
664 0.019900
665 0.020400
666 0.020900
667 0.021300
668 0.021800
669 0.022100
670 0.022500
671 0.022700
672 0.023000
673 0.023200
674 0.023300
675 0.023400
676 0.023300
677 0.023200
678 0.023100
679 0.022800
680 0.022500
681 0.022000
682 0.021600
683 0.021000
684 0.020200
685 0.019500
686 0.018500
687 0.017500
688 0.016500
689 0.015400
690 0.014300
691 0.013300
692 0.012300
693 0.011300
694 0.010400
695 0.009500
696 0.008700
697 0.007900
698 0.007200
699 0.006600
700 0.006000
701 0.005400
702 0.004900
703 0.004500
704 0.004100
705 0.003700
706 0.003400
707 0.003100
708 0.002800
709 0.002600
710 0.002300
711 0.002100
712 0.001900
713 0.001800
714 0.001600
715 0.001500
716 0.001300
717 0.001200
718 0.001100
719 0.001000
720 0.000900
721 0.000800
722 0.000800
723 0.000700
724 0.000600
725 0.000600
726 0.000500
727 0.000500
728 0.000400
729 0.000400
730 0.000400
731 0.000300
732 0.000300
733 0.000300
734 0.000300
735 0.000200
736 0.000200
737 0.000200
738 0.000200
739 0.000200
740 0.000200
741 0.000100
742 0.000100
743 0.000100
744 0.000100
745 0.000100
746 0.000100
747 0.000100
748 0.000100
749 0.000100
750 0.000100
751 0.000100
752 0.000100
753 0.000000
754 0.000000
755 0.000000
756 0.000000
757 0.000000
758 0.000000
759 0.000000
760 0.000000
761 0.000000
762 0.000000
763 0.000000
764 0.000000
765 0.000000
766 0.000000
767 0.000000
768 0.000000
769 0.000000
770 0.000000
771 0.000010
772 0.000009
773 0.000008
774 0.000008
775 0.000007
776 0.000006
777 0.000006
778 0.000005
779 0.000005
780 0.000005
781 0.000004
782 0.000004
783 0.000004
784 0.000003
785 0.000003
786 0.000003
787 0.000003
788 0.000002
789 0.000002
790 0.000002
791 0.000002
792 0.000002
793 0.000002
794 0.000001
795 0.000001
796 0.000001
797 0.000001
798 0.000001
799 0.000001
800 0.000001
801 0.000001
802 0.000001
803 0.000001
804 0.000001
805 0.000001
806 0.000001
807 0.000000
808 0.000000
809 0.000000
810 0.000000
811 0.000000
812 0.000000
813 0.000000
814 0.000000
815 0.000000
816 0.000000
817 0.000000
818 0.000000
819 0.000000
820 0.000000
821 0.000000
822 0.000000
823 0.000000
824 0.000000
825 0.000000
826 0.000000
827 0.000000
828 0.000000
829 0.000000
830 0.000000
831 0.000000
832 0.000000
833 0.000000
834 0.000000
835 0.000000
836 0.000000
837 0.000000
838 0.000000
839 0.000000
840 0.000000
841 0.000000
842 0.000000
843 0.000000
844 0.000000
845 0.000000
846 0.000000
847 0.000000
848 0.000000
849 0.000000
850 0.000000
851 0.000000
852 0.000000
853 0.000000
854 0.000000
855 0.000000
856 0.000000
857 0.000000
858 0.000000
859 0.000000
860 0.000000
861 0.000000
862 0.000000
863 0.000000
864 0.000000
865 0.000000
866 0.000000
867 0.000000
868 0.000000
869 0.000000
870 0.000000
871 0.000000
872 0.000000
873 0.000000
874 0.000000
875 0.000000
876 0.000000
877 0.000000
878 0.000000
879 0.000000
880 0.000000
881 0.000000
882 0.000000
883 0.000000
884 0.000000
885 0.000000
886 0.000000
887 0.000000
888 0.000000
889 0.000000
890 0.000000
891 0.000000
892 0.000000
893 0.000000
894 0.000000
895 0.000000
896 0.000000
897 0.000000
898 0.000000
899 0.000000
900 0.000000
901 0.000000
902 0.000000
903 0.000000
904 0.000000
905 0.000000
906 0.000000
907 0.000000
908 0.000000
909 0.000000
910 0.000000
911 0.000000
912 0.000000
913 0.000000
914 0.000000
915 0.000000
916 0.000000
917 0.000000
918 0.000000
919 0.000000
920 0.000000
921 0.000000
922 0.000000
923 0.000000
924 0.000000
925 0.000000
926 0.000000
927 0.000000
928 0.000000
929 0.000000
930 0.000000
931 0.000000
932 0.000000
933 0.000000
934 0.000000
935 0.000000
936 0.000000
937 0.000000
938 0.000000
939 0.000000
940 0.000000
941 0.000000
942 0.000000
943 0.000000
944 0.000000
945 0.000000
946 0.000000
947 0.000000
948 0.000000
949 0.000000
950 0.000000
951 0.000000
952 0.000000
953 0.000000
954 0.000000
955 0.000000
956 0.000000
957 0.000000
958 0.000000
959 0.000000
960 0.000000
961 0.000000
962 0.000000
963 0.000000
964 0.000000
965 0.000000
966 0.000000
967 0.000000
968 0.000000
969 0.000000
970 0.000000
971 0.000000
972 0.000000
973 0.000000
974 0.000000
975 0.000000
976 0.000000
977 0.000000
978 0.000000
979 0.000000
980 0.000000
981 0.000000
982 0.000000
983 0.000000
984 0.000000
985 0.000000
986 0.000000
987 0.000000
988 0.000000
989 0.000000
990 0.000000
991 0.000000
992 0.000000
993 0.000000
994 0.000000
995 0.000000
996 0.000000
997 0.000000
998 0.000000
999 0.000000
1000 0.000000
1001 0.000000
1002 0.000000
1003 0.000000
1004 0.000000
1005 0.000000
1006 0.000000
1007 0.000000
1008 0.000000
1009 0.000000
1010 0.000000
1011 0.000000
1012 0.000000
1013 0.000000
1014 0.000000
1015 0.000000
1016 0.000000
1017 0.000000
1018 0.000000
1019 0.000000
1020 0.000000
1021 0.000000
1022 0.000000
1023 0.000000
1024 0.000000
1025 0.000000
1026 0.000000
1027 0.000000
1028 0.000000
1029 0.000000
1030 0.000000
1031 0.000000
1032 0.000000
1033 0.000000
1034 0.000000
1035 0.000000
1036 0.000000
1037 0.000000
1038 0.000000
1039 0.000000
1040 0.000000
1041 0.000000
1042 0.000000
1043 0.000000
1044 0.000000
1045 0.000000
1046 0.000000
1047 0.000000
1048 0.000000
1049 0.000000
1050 0.000000
1051 0.000000
1052 0.000000
1053 0.000000
1054 0.000000
1055 0.000000
1056 0.000000
1057 0.000000
1058 0.000000
1059 0.000000
1060 0.000000
1061 0.000000
1062 0.000000
1063 0.000000
1064 0.000000
1065 0.000000
1066 0.000000
1067 0.000000
1068 0.000000
1069 0.000000
1070 0.000000
1071 0.000000
1072 0.000000
1073 0.000000
1074 0.000000
1075 0.000000
1076 0.000000
1077 0.000000
1078 0.000000
1079 0.000000
1080 0.000000
1081 0.000000
1082 0.000000
1083 0.000000
1084 0.000000
1085 0.000000
1086 0.000000
1087 0.000000
1088 0.000000
1089 0.000000
1090 0.000000
1091 0.000000
1092 0.000000
1093 0.000000
1094 0.000000
1095 0.000000
1096 0.000000
1097 0.000000
1098 0.000000
1099 0.000000
1100 0.000000
