340 0.035900
341 0.036000
342 0.036000
343 0.036000
344 0.036000
345 0.036000
346 0.036100
347 0.036100
348 0.036200
349 0.036200
350 0.036300
351 0.036400
352 0.036500
353 0.036600
354 0.036900
355 0.037100
356 0.037400
357 0.037600
358 0.037900
359 0.038100
360 0.038300
361 0.038500
362 0.038700
363 0.038900
364 0.039200
365 0.039300
366 0.039500
367 0.039700
368 0.039900
369 0.040000
370 0.040200
371 0.040300
372 0.040500
373 0.040700
374 0.040900
375 0.041100
376 0.041200
377 0.041400
378 0.041600
379 0.041800
380 0.042000
381 0.042200
382 0.042400
383 0.042500
384 0.042700
385 0.042900
386 0.043200
387 0.043400
388 0.043600
389 0.043800
390 0.044000
391 0.044300
392 0.044600
393 0.044900
394 0.045200
395 0.045600
396 0.045900
397 0.046300
398 0.046700
399 0.047200
400 0.047600
401 0.048200
402 0.048800
403 0.049400
404 0.050100
405 0.050800
406 0.051500
407 0.052200
408 0.052900
409 0.053700
410 0.054600
411 0.055400
412 0.056200
413 0.057000
414 0.057700
415 0.058500
416 0.059200
417 0.059900
418 0.060700
419 0.061400
420 0.062100
421 0.062700
422 0.063300
423 0.063900
424 0.064500
425 0.065100
426 0.065800
427 0.066400
428 0.067000
429 0.067500
430 0.068000
431 0.068400
432 0.068900
433 0.069400
434 0.069900
435 0.070200
436 0.070600
437 0.070900
438 0.071100
439 0.071200
440 0.071300
441 0.071300
442 0.071200
443 0.070900
444 0.070600
445 0.070200
446 0.069800
447 0.069200
448 0.068600
449 0.068000
450 0.067500
451 0.067000
452 0.066500
453 0.065900
454 0.065400
455 0.064800
456 0.064200
457 0.063600
458 0.063000
459 0.062400
460 0.061800
461 0.061200
462 0.060600
463 0.060000
464 0.059300
465 0.058600
466 0.058000
467 0.057300
468 0.056600
469 0.056000
470 0.055300
471 0.054600
472 0.053900
473 0.053300
474 0.052600
475 0.052000
476 0.051400
477 0.050900
478 0.050400
479 0.049900
480 0.049500
481 0.049000
482 0.048600
483 0.048100
484 0.047700
485 0.047300
486 0.046900
487 0.046500
488 0.046000
489 0.045500
490 0.045000
491 0.044400
492 0.043800
493 0.043100
494 0.042500
495 0.041600
496 0.040800
497 0.039900
498 0.039000
499 0.038000
500 0.037100
501 0.036100
502 0.035100
503 0.034000
504 0.032900
505 0.031900
506 0.030900
507 0.029900
508 0.028900
509 0.027900
510 0.026900
511 0.026000
512 0.025200
513 0.024400
514 0.023600
515 0.022800
516 0.022100
517 0.021400
518 0.020700
519 0.020100
520 0.019500
521 0.018900
522 0.018400
523 0.017900
524 0.017300
525 0.016900
526 0.016400
527 0.016000
528 0.015600
529 0.015300
530 0.014900
531 0.014600
532 0.014300
533 0.014000
534 0.013700
535 0.013400
536 0.013100
537 0.012800
538 0.012600
539 0.012300
540 0.012100
541 0.011900
542 0.011700
543 0.011500
544 0.011300
545 0.011100
546 0.010900
547 0.010700
548 0.010400
549 0.010200
550 0.010000
551 0.009800
552 0.009600
553 0.009500
554 0.009300
555 0.009100
556 0.008900
557 0.008800
558 0.008600
559 0.008400
560 0.008200
561 0.008100
562 0.008000
563 0.007900
564 0.007900
565 0.007800
566 0.007700
567 0.007600
568 0.007600
569 0.007500
570 0.007500
571 0.007500
572 0.007500
573 0.007400
574 0.007400
575 0.007400
576 0.007400
577 0.007400
578 0.007500
579 0.007500
580 0.007500
581 0.007500
582 0.007600
583 0.007600
584 0.007600
585 0.007700
586 0.007700
587 0.007800
588 0.007800
589 0.007800
590 0.007800
591 0.007800
592 0.007800
593 0.007800
594 0.007800
595 0.007800
596 0.007700
597 0.007700
598 0.007600
599 0.007600
600 0.007500
601 0.007500
602 0.007500
603 0.007400
604 0.007400
605 0.007400
606 0.007500
607 0.007500
608 0.007600
609 0.007600
610 0.007700
611 0.007700
612 0.007800
613 0.007800
614 0.007900
615 0.007900
616 0.008000
617 0.008100
618 0.008100
619 0.008200
620 0.008200
621 0.008300
622 0.008300
623 0.008400
624 0.008400
625 0.008500
626 0.008600
627 0.008600
628 0.008600
629 0.008600
630 0.008700
631 0.008700
632 0.008700
633 0.008700
634 0.008700
635 0.008700
636 0.008700
637 0.008700
638 0.008700
639 0.008700
640 0.008700
641 0.008600
642 0.008600
643 0.008600
644 0.008600
645 0.008600
646 0.008600
647 0.008600
648 0.008700
649 0.008700
650 0.008800
651 0.008900
652 0.009000
653 0.009200
654 0.009400
655 0.009700
656 0.010000
657 0.010500
658 0.011000
659 0.011800
660 0.012600
661 0.013500
662 0.014300
663 0.015300
664 0.016200
665 0.017300
666 0.018400
667 0.019400
668 0.020400
669 0.021100
670 0.021900
671 0.022400
672 0.023000
673 0.023200
674 0.023500
675 0.023400
676 0.023300
677 0.022900
678 0.022500
679 0.021800
680 0.021200
681 0.020200
682 0.019200
683 0.018000
684 0.016800
685 0.015500
686 0.014200
687 0.012900
688 0.011500
689 0.010400
690 0.009200
691 0.008300
692 0.007300
693 0.006600
694 0.005800
695 0.005300
696 0.004700
697 0.004200
698 0.003800
699 0.003500
700 0.003200
701 0.003000
702 0.002700
703 0.002500
704 0.002400
705 0.002200
706 0.002100
707 0.002000
708 0.001900
709 0.001900
710 0.001800
711 0.001700
712 0.001700
713 0.001700
714 0.001600
715 0.001600
716 0.001500
717 0.001500
718 0.001500
719 0.001400
720 0.001400
721 0.001400
722 0.001300
723 0.001300
724 0.001300
725 0.001200
726 0.001200
727 0.001200
728 0.001100
729 0.001100
730 0.001100
731 0.001100
732 0.001000
733 0.001000
734 0.001000
735 0.001000
736 0.000900
737 0.000900
738 0.000900
739 0.000900
740 0.000900
741 0.000800
742 0.000800
743 0.000800
744 0.000800
745 0.000800
746 0.000700
747 0.000700
748 0.000700
749 0.000700
750 0.000700
751 0.000700
752 0.000600
753 0.000600
754 0.000600
755 0.000600
756 0.000600
757 0.000600
758 0.000500
759 0.000500
760 0.000500
761 0.000500
762 0.000500
763 0.000500
764 0.000500
765 0.000500
766 0.000500
767 0.000400
768 0.000400
769 0.000400
770 0.000400
771 0.000400
772 0.000400
773 0.000400
774 0.000400
775 0.000400
776 0.000400
777 0.000300
778 0.000300
779 0.000300
780 0.000300
781 0.000300
782 0.000300
783 0.000300
784 0.000300
785 0.000300
786 0.000300
787 0.000300
788 0.000300
789 0.000300
790 0.000200
791 0.000200
792 0.000200
793 0.000200
794 0.000200
795 0.000200
796 0.000200
797 0.000200
798 0.000200
799 0.000200
800 0.000200
801 0.000200
802 0.000200
803 0.000200
804 0.000200
805 0.000200
806 0.000200
807 0.000200
808 0.000200
809 0.000200
810 0.000200
811 0.000100
812 0.000100
813 0.000100
814 0.000100
815 0.000100
816 0.000100
817 0.000100
818 0.000100
819 0.000100
820 0.000100
821 0.000100
822 0.000100
823 0.000100
824 0.000100
825 0.000100
826 0.000100
827 0.000100
828 0.000100
829 0.000100
830 0.000100
831 0.000100
832 0.000100
833 0.000100
834 0.000100
835 0.000100
836 0.000100
837 0.000100
838 0.000100
839 0.000100
840 0.000100
841 0.000100
842 0.000100
843 0.000100
844 0.000100
845 0.000100
846 0.000100
847 0.000100
848 0.000100
849 0.000100
850 0.000100
851 0.000100
852 0.000100
853 0.000100
854 0.000100
855 0.000100
856 0.000000
857 0.000000
858 0.000000
859 0.000000
860 0.000000
861 0.000000
862 0.000000
863 0.000000
864 0.000000
865 0.000000
866 0.000000
867 0.000000
868 0.000000
869 0.000000
870 0.000000
871 0.000000
872 0.000000
873 0.000000
874 0.000000
875 0.000000
876 0.000000
877 0.000000
878 0.000000
879 0.000000
880 0.000000
881 0.000000
882 0.000000
883 0.000000
884 0.000000
885 0.000000
886 0.000000
887 0.000000
888 0.000000
889 0.000000
890 0.000000
891 0.000000
892 0.000000
893 0.000000
894 0.000000
895 0.000000
896 0.000000
897 0.000000
898 0.000000
899 0.000000
900 0.000000
901 0.000000
902 0.000000
903 0.000000
904 0.000000
905 0.000000
906 0.000000
907 0.000000
908 0.000000
909 0.000000
910 0.000000
911 0.000000
912 0.000000
913 0.000000
914 0.000000
915 0.000000
916 0.000000
917 0.000000
918 0.000000
919 0.000000
920 0.000000
921 0.000010
922 0.000010
923 0.000009
924 0.000009
925 0.000009
926 0.000009
927 0.000009
928 0.000008
929 0.000008
930 0.000008
931 0.000008
932 0.000008
933 0.000007
934 0.000007
935 0.000007
936 0.000007
937 0.000007
938 0.000007
939 0.000006
940 0.000006
941 0.000006
942 0.000006
943 0.000006
944 0.000006
945 0.000005
946 0.000005
947 0.000005
948 0.000005
949 0.000005
950 0.000005
951 0.000005
952 0.000005
953 0.000005
954 0.000004
955 0.000004
956 0.000004
957 0.000004
958 0.000004
959 0.000004
960 0.000004
961 0.000004
962 0.000004
963 0.000004
964 0.000003
965 0.000003
966 0.000003
967 0.000003
968 0.000003
969 0.000003
970 0.000003
971 0.000003
972 0.000003
973 0.000003
974 0.000003
975 0.000003
976 0.000003
977 0.000002
978 0.000002
979 0.000002
980 0.000002
981 0.000002
982 0.000002
983 0.000002
984 0.000002
985 0.000002
986 0.000002
987 0.000002
988 0.000002
989 0.000002
990 0.000002
991 0.000002
992 0.000002
993 0.000002
994 0.000002
995 0.000002
996 0.000002
997 0.000002
998 0.000001
999 0.000001
1000 0.000001
1001 0.000001
1002 0.000001
1003 0.000001
1004 0.000001
1005 0.000001
1006 0.000001
1007 0.000001
1008 0.000001
1009 0.000001
1010 0.000001
1011 0.000001
1012 0.000001
1013 0.000001
1014 0.000001
1015 0.000001
1016 0.000001
1017 0.000001
1018 0.000001
1019 0.000001
1020 0.000001
1021 0.000001
1022 0.000001
1023 0.000001
1024 0.000001
1025 0.000001
1026 0.000001
1027 0.000001
1028 0.000001
1029 0.000001
1030 0.000001
1031 0.000001
1032 0.000001
1033 0.000001
1034 0.000001
1035 0.000001
1036 0.000001
1037 0.000001
1038 0.000001
1039 0.000001
1040 0.000001
1041 0.000001
1042 0.000001
1043 0.000000
1044 0.000000
1045 0.000000
1046 0.000000
1047 0.000000
1048 0.000000
1049 0.000000
1050 0.000000
1051 0.000000
1052 0.000000
1053 0.000000
1054 0.000000
1055 0.000000
1056 0.000000
1057 0.000000
1058 0.000000
1059 0.000000
1060 0.000000
1061 0.000000
1062 0.000000
1063 0.000000
1064 0.000000
1065 0.000000
1066 0.000000
1067 0.000000
1068 0.000000
1069 0.000000
1070 0.000000
1071 0.000000
1072 0.000000
1073 0.000000
1074 0.000000
1075 0.000000
1076 0.000000
1077 0.000000
1078 0.000000
1079 0.000000
1080 0.000000
1081 0.000000
1082 0.000000
1083 0.000000
1084 0.000000
1085 0.000000
1086 0.000000
1087 0.000000
1088 0.000000
1089 0.000000
1090 0.000000
1091 0.000000
1092 0.000000
1093 0.000000
1094 0.000000
1095 0.000000
1096 0.000000
1097 0.000000
1098 0.000000
1099 0.000000
1100 0.000000
