340 0.030100
341 0.030100
342 0.030100
343 0.030100
344 0.030100
345 0.030100
346 0.030100
347 0.030100
348 0.030100
349 0.030100
350 0.030100
351 0.030100
352 0.030100
353 0.030100
354 0.030100
355 0.030100
356 0.030100
357 0.030100
358 0.030100
359 0.030100
360 0.030100
361 0.030100
362 0.030100
363 0.030100
364 0.030100
365 0.030100
366 0.030100
367 0.030100
368 0.030100
369 0.030100
370 0.030200
371 0.030200
372 0.030200
373 0.030200
374 0.030200
375 0.030200
376 0.030300
377 0.030300
378 0.030400
379 0.030500
380 0.030600
381 0.030800
382 0.031100
383 0.031600
384 0.032100
385 0.032600
386 0.033100
387 0.033600
388 0.034100
389 0.034600
390 0.035100
391 0.035600
392 0.036100
393 0.036600
394 0.037000
395 0.037500
396 0.038000
397 0.038500
398 0.039000
399 0.039500
400 0.040000
401 0.040500
402 0.041000
403 0.041500
404 0.042100
405 0.042600
406 0.043200
407 0.043700
408 0.044300
409 0.044900
410 0.045400
411 0.045900
412 0.046300
413 0.046800
414 0.047200
415 0.047700
416 0.048000
417 0.048400
418 0.048700
419 0.048900
420 0.049200
421 0.049500
422 0.049800
423 0.050100
424 0.050300
425 0.050600
426 0.050900
427 0.051200
428 0.051500
429 0.051800
430 0.052100
431 0.052400
432 0.052700
433 0.052900
434 0.053000
435 0.053100
436 0.053100
437 0.053000
438 0.052800
439 0.052500
440 0.052200
441 0.051700
442 0.051200
443 0.050500
444 0.049800
445 0.049000
446 0.048200
447 0.047400
448 0.046500
449 0.045700
450 0.044800
451 0.044100
452 0.043400
453 0.042800
454 0.042200
455 0.041700
456 0.041300
457 0.040900
458 0.040600
459 0.040300
460 0.040000
461 0.039700
462 0.039500
463 0.039300
464 0.039100
465 0.038900
466 0.038700
467 0.038600
468 0.038300
469 0.038100
470 0.037900
471 0.037600
472 0.037300
473 0.037000
474 0.036800
475 0.036500
476 0.036300
477 0.036200
478 0.036000
479 0.035800
480 0.035700
481 0.035600
482 0.035500
483 0.035400
484 0.035400
485 0.035400
486 0.035300
487 0.035200
488 0.035100
489 0.035100
490 0.035000
491 0.034900
492 0.034900
493 0.034700
494 0.034600
495 0.034500
496 0.034300
497 0.034100
498 0.033900
499 0.033700
500 0.033500
501 0.033200
502 0.032900
503 0.032600
504 0.032300
505 0.031900
506 0.031600
507 0.031300
508 0.031000
509 0.030800
510 0.030500
511 0.030300
512 0.030200
513 0.030000
514 0.029900
515 0.029700
516 0.029600
517 0.029400
518 0.029300
519 0.029200
520 0.029100
521 0.029100
522 0.029100
523 0.029100
524 0.029100
525 0.029200
526 0.029300
527 0.029400
528 0.029500
529 0.029700
530 0.029900
531 0.030000
532 0.030100
533 0.030300
534 0.030600
535 0.030800
536 0.031100
537 0.031300
538 0.031600
539 0.031900
540 0.032200
541 0.032500
542 0.032800
543 0.033100
544 0.033400
545 0.033800
546 0.034100
547 0.034500
548 0.034900
549 0.035200
550 0.035600
551 0.035900
552 0.036100
553 0.036400
554 0.036700
555 0.036900
556 0.037200
557 0.037500
558 0.037800
559 0.038000
560 0.038300
561 0.038500
562 0.038700
563 0.038800
564 0.038900
565 0.039000
566 0.038800
567 0.038600
568 0.038300
569 0.037700
570 0.037100
571 0.036000
572 0.035000
573 0.033700
574 0.032100
575 0.030600
576 0.028900
577 0.027100
578 0.025300
579 0.023600
580 0.021800
581 0.020300
582 0.018900
583 0.017500
584 0.016400
585 0.015200
586 0.014400
587 0.013500
588 0.012900
589 0.012400
590 0.011900
591 0.011700
592 0.011400
593 0.011200
594 0.011000
595 0.010900
596 0.010800
597 0.010700
598 0.010700
599 0.010700
600 0.010600
601 0.010600
602 0.010500
603 0.010400
604 0.010300
605 0.010300
606 0.010100
607 0.010000
608 0.010000
609 0.009900
610 0.009900
611 0.010000
612 0.010000
613 0.010100
614 0.010100
615 0.010100
616 0.010100
617 0.010100
618 0.010200
619 0.010300
620 0.010300
621 0.010400
622 0.010500
623 0.010600
624 0.010700
625 0.010800
626 0.010800
627 0.010900
628 0.010900
629 0.010900
630 0.010900
631 0.011000
632 0.011000
633 0.011000
634 0.011000
635 0.011000
636 0.011100
637 0.011100
638 0.011200
639 0.011300
640 0.011300
641 0.011300
642 0.011300
643 0.011300
644 0.011300
645 0.011300
646 0.011300
647 0.011300
648 0.011400
649 0.011400
650 0.011500
651 0.011700
652 0.011900
653 0.012100
654 0.012400
655 0.012700
656 0.013100
657 0.013600
658 0.014000
659 0.014500
660 0.015000
661 0.015600
662 0.016200
663 0.016800
664 0.017400
665 0.018100
666 0.018800
667 0.019600
668 0.020300
669 0.020900
670 0.021600
671 0.022000
672 0.022400
673 0.022800
674 0.023000
675 0.023200
676 0.023300
677 0.023400
678 0.023300
679 0.023100
680 0.022900
681 0.022300
682 0.021700
683 0.021000
684 0.020100
685 0.019200
686 0.018000
687 0.016800
688 0.015700
689 0.014500
690 0.013300
691 0.012200
692 0.011100
693 0.010100
694 0.009100
695 0.008200
696 0.007300
697 0.006600
698 0.005900
699 0.005300
700 0.004800
701 0.004400
702 0.004000
703 0.003600
704 0.003300
705 0.003000
706 0.002700
707 0.002500
708 0.002300
709 0.002100
710 0.001900
711 0.001700
712 0.001600
713 0.001400
714 0.001300
715 0.001200
716 0.001100
717 0.001000
718 0.000900
719 0.000800
720 0.000700
721 0.000700
722 0.000600
723 0.000600
724 0.000500
725 0.000500
726 0.000400
727 0.000400
728 0.000400
729 0.000300
730 0.000300
731 0.000300
732 0.000200
733 0.000200
734 0.000200
735 0.000200
736 0.000200
737 0.000200
738 0.000100
739 0.000100
740 0.000100
741 0.000100
742 0.000100
743 0.000100
744 0.000100
745 0.000100
746 0.000100
747 0.000100
748 0.000100
749 0.000100
750 0.000000
751 0.000000
752 0.000000
753 0.000000
754 0.000000
755 0.000000
756 0.000000
757 0.000000
758 0.000000
759 0.000000
760 0.000000
761 0.000000
762 0.000000
763 0.000000
764 0.000000
765 0.000000
766 0.000000
767 0.000000
768 0.000000
769 0.000009
770 0.000009
771 0.000008
772 0.000007
773 0.000007
774 0.000006
775 0.000006
776 0.000005
777 0.000005
778 0.000004
779 0.000004
780 0.000004
781 0.000003
782 0.000003
783 0.000003
784 0.000003
785 0.000002
786 0.000002
787 0.000002
788 0.000002
789 0.000002
790 0.000002
791 0.000001
792 0.000001
793 0.000001
794 0.000001
795 0.000001
796 0.000001
797 0.000001
798 0.000001
799 0.000001
800 0.000001
801 0.000001
802 0.000001
803 0.000001
804 0.000000
805 0.000000
806 0.000000
807 0.000000
808 0.000000
809 0.000000
810 0.000000
811 0.000000
812 0.000000
813 0.000000
814 0.000000
815 0.000000
816 0.000000
817 0.000000
818 0.000000
819 0.000000
820 0.000000
821 0.000000
822 0.000000
823 0.000000
824 0.000000
825 0.000000
826 0.000000
827 0.000000
828 0.000000
829 0.000000
830 0.000000
831 0.000000
832 0.000000
833 0.000000
834 0.000000
835 0.000000
836 0.000000
837 0.000000
838 0.000000
839 0.000000
840 0.000000
841 0.000000
842 0.000000
843 0.000000
844 0.000000
845 0.000000
846 0.000000
847 0.000000
848 0.000000
849 0.000000
850 0.000000
851 0.000000
852 0.000000
853 0.000000
854 0.000000
855 0.000000
856 0.000000
857 0.000000
858 0.000000
859 0.000000
860 0.000000
861 0.000000
862 0.000000
863 0.000000
864 0.000000
865 0.000000
866 0.000000
867 0.000000
868 0.000000
869 0.000000
870 0.000000
871 0.000000
872 0.000000
873 0.000000
874 0.000000
875 0.000000
876 0.000000
877 0.000000
878 0.000000
879 0.000000
880 0.000000
881 0.000000
882 0.000000
883 0.000000
884 0.000000
885 0.000000
886 0.000000
887 0.000000
888 0.000000
889 0.000000
890 0.000000
891 0.000000
892 0.000000
893 0.000000
894 0.000000
895 0.000000
896 0.000000
897 0.000000
898 0.000000
899 0.000000
900 0.000000
901 0.000000
902 0.000000
903 0.000000
904 0.000000
905 0.000000
906 0.000000
907 0.000000
908 0.000000
909 0.000000
910 0.000000
911 0.000000
912 0.000000
913 0.000000
914 0.000000
915 0.000000
916 0.000000
917 0.000000
918 0.000000
919 0.000000
920 0.000000
921 0.000000
922 0.000000
923 0.000000
924 0.000000
925 0.000000
926 0.000000
927 0.000000
928 0.000000
929 0.000000
930 0.000000
931 0.000000
932 0.000000
933 0.000000
934 0.000000
935 0.000000
936 0.000000
937 0.000000
938 0.000000
939 0.000000
940 0.000000
941 0.000000
942 0.000000
943 0.000000
944 0.000000
945 0.000000
946 0.000000
947 0.000000
948 0.000000
949 0.000000
950 0.000000
951 0.000000
952 0.000000
953 0.000000
954 0.000000
955 0.000000
956 0.000000
957 0.000000
958 0.000000
959 0.000000
960 0.000000
961 0.000000
962 0.000000
963 0.000000
964 0.000000
965 0.000000
966 0.000000
967 0.000000
968 0.000000
969 0.000000
970 0.000000
971 0.000000
972 0.000000
973 0.000000
974 0.000000
975 0.000000
976 0.000000
977 0.000000
978 0.000000
979 0.000000
980 0.000000
981 0.000000
982 0.000000
983 0.000000
984 0.000000
985 0.000000
986 0.000000
987 0.000000
988 0.000000
989 0.000000
990 0.000000
991 0.000000
992 0.000000
993 0.000000
994 0.000000
995 0.000000
996 0.000000
997 0.000000
998 0.000000
999 0.000000
1000 0.000000
1001 0.000000
1002 0.000000
1003 0.000000
1004 0.000000
1005 0.000000
1006 0.000000
1007 0.000000
1008 0.000000
1009 0.000000
1010 0.000000
1011 0.000000
1012 0.000000
1013 0.000000
1014 0.000000
1015 0.000000
1016 0.000000
1017 0.000000
1018 0.000000
1019 0.000000
1020 0.000000
1021 0.000000
1022 0.000000
1023 0.000000
1024 0.000000
1025 0.000000
1026 0.000000
1027 0.000000
1028 0.000000
1029 0.000000
1030 0.000000
1031 0.000000
1032 0.000000
1033 0.000000
1034 0.000000
1035 0.000000
1036 0.000000
1037 0.000000
1038 0.000000
1039 0.000000
1040 0.000000
1041 0.000000
1042 0.000000
1043 0.000000
1044 0.000000
1045 0.000000
1046 0.000000
1047 0.000000
1048 0.000000
1049 0.000000
1050 0.000000
1051 0.000000
1052 0.000000
1053 0.000000
1054 0.000000
1055 0.000000
1056 0.000000
1057 0.000000
1058 0.000000
1059 0.000000
1060 0.000000
1061 0.000000
1062 0.000000
1063 0.000000
1064 0.000000
1065 0.000000
1066 0.000000
1067 0.000000
1068 0.000000
1069 0.000000
1070 0.000000
1071 0.000000
1072 0.000000
1073 0.000000
1074 0.000000
1075 0.000000
1076 0.000000
1077 0.000000
1078 0.000000
1079 0.000000
1080 0.000000
1081 0.000000
1082 0.000000
1083 0.000000
1084 0.000000
1085 0.000000
1086 0.000000
1087 0.000000
1088 0.000000
1089 0.000000
1090 0.000000
1091 0.000000
1092 0.000000
1093 0.000000
1094 0.000000
1095 0.000000
1096 0.000000
1097 0.000000
1098 0.000000
1099 0.000000
1100 0.000000
