340 0.028700
341 0.028700
342 0.028700
343 0.028700
344 0.028700
345 0.028700
346 0.028700
347 0.028700
348 0.028700
349 0.028700
350 0.028700
351 0.028700
352 0.028700
353 0.028700
354 0.028700
355 0.028700
356 0.028700
357 0.028700
358 0.028700
359 0.028700
360 0.028700
361 0.028700
362 0.028700
363 0.028700
364 0.028700
365 0.028700
366 0.028700
367 0.028700
368 0.028700
369 0.028700
370 0.028800
371 0.028800
372 0.028800
373 0.028800
374 0.028800
375 0.028800
376 0.028900
377 0.028900
378 0.029000
379 0.029100
380 0.029200
381 0.029400
382 0.029700
383 0.030100
384 0.030600
385 0.031100
386 0.031600
387 0.032000
388 0.032500
389 0.033000
390 0.033500
391 0.033900
392 0.034400
393 0.034900
394 0.035300
395 0.035800
396 0.036300
397 0.036800
398 0.037200
399 0.037700
400 0.038200
401 0.038600
402 0.039100
403 0.039600
404 0.040200
405 0.040700
406 0.041300
407 0.041900
408 0.042500
409 0.043100
410 0.043700
411 0.044300
412 0.044800
413 0.045300
414 0.045800
415 0.046300
416 0.046700
417 0.047000
418 0.047300
419 0.047600
420 0.047800
421 0.048100
422 0.048300
423 0.048500
424 0.048700
425 0.048900
426 0.049200
427 0.049400
428 0.049600
429 0.049900
430 0.050100
431 0.050300
432 0.050500
433 0.050700
434 0.050800
435 0.050900
436 0.050700
437 0.050600
438 0.050200
439 0.049700
440 0.049200
441 0.048400
442 0.047600
443 0.046700
444 0.045600
445 0.044600
446 0.043400
447 0.042200
448 0.041000
449 0.039800
450 0.038700
451 0.037700
452 0.036600
453 0.035700
454 0.034900
455 0.034100
456 0.033400
457 0.032800
458 0.032200
459 0.031700
460 0.031200
461 0.030700
462 0.030300
463 0.029800
464 0.029400
465 0.029000
466 0.028600
467 0.028200
468 0.027800
469 0.027400
470 0.027000
471 0.026600
472 0.026200
473 0.025800
474 0.025500
475 0.025200
476 0.024900
477 0.024600
478 0.024300
479 0.024100
480 0.023900
481 0.023700
482 0.023500
483 0.023400
484 0.023300
485 0.023200
486 0.023100
487 0.023000
488 0.022900
489 0.022900
490 0.022800
491 0.022600
492 0.022500
493 0.022400
494 0.022200
495 0.022000
496 0.021700
497 0.021400
498 0.021000
499 0.020600
500 0.020200
501 0.019800
502 0.019300
503 0.018800
504 0.018300
505 0.017800
506 0.017200
507 0.016600
508 0.016000
509 0.015400
510 0.014800
511 0.014200
512 0.013600
513 0.013000
514 0.012500
515 0.011900
516 0.011400
517 0.010900
518 0.010400
519 0.010000
520 0.009500
521 0.009100
522 0.008700
523 0.008400
524 0.008100
525 0.007800
526 0.007500
527 0.007300
528 0.007000
529 0.006800
530 0.006700
531 0.006500
532 0.006400
533 0.006300
534 0.006200
535 0.006100
536 0.006000
537 0.006000
538 0.005900
539 0.005900
540 0.005900
541 0.005900
542 0.005900
543 0.005900
544 0.005900
545 0.005900
546 0.005900
547 0.006000
548 0.006000
549 0.006100
550 0.006100
551 0.006200
552 0.006300
553 0.006300
554 0.006400
555 0.006500
556 0.006600
557 0.006700
558 0.006800
559 0.007000
560 0.007100
561 0.007200
562 0.007400
563 0.007500
564 0.007700
565 0.007800
566 0.008000
567 0.008200
568 0.008300
569 0.008500
570 0.008700
571 0.008900
572 0.009100
573 0.009300
574 0.009500
575 0.009600
576 0.009800
577 0.010000
578 0.010200
579 0.010400
580 0.010600
581 0.010800
582 0.010900
583 0.011100
584 0.011300
585 0.011400
586 0.011600
587 0.011700
588 0.011900
589 0.012000
590 0.012200
591 0.012300
592 0.012500
593 0.012600
594 0.012800
595 0.012900
596 0.013100
597 0.013200
598 0.013400
599 0.013600
600 0.013800
601 0.014000
602 0.014200
603 0.014400
604 0.014700
605 0.014900
606 0.015200
607 0.015500
608 0.015800
609 0.016100
610 0.016500
611 0.016800
612 0.017100
613 0.017400
614 0.017700
615 0.018100
616 0.018400
617 0.018600
618 0.018900
619 0.019200
620 0.019400
621 0.019700
622 0.019900
623 0.020100
624 0.020300
625 0.020500
626 0.020700
627 0.020800
628 0.020900
629 0.020900
630 0.020900
631 0.020800
632 0.020800
633 0.020700
634 0.020600
635 0.020400
636 0.020200
637 0.019900
638 0.019700
639 0.019300
640 0.019000
641 0.018600
642 0.018200
643 0.017800
644 0.017300
645 0.016900
646 0.016400
647 0.016000
648 0.015600
649 0.015300
650 0.015000
651 0.014700
652 0.014500
653 0.014400
654 0.014300
655 0.014200
656 0.014400
657 0.014500
658 0.014800
659 0.015100
660 0.015500
661 0.016000
662 0.016500
663 0.017000
664 0.017600
665 0.018200
666 0.018800
667 0.019500
668 0.020100
669 0.020700
670 0.021300
671 0.021700
672 0.022200
673 0.022600
674 0.022900
675 0.023200
676 0.023300
677 0.023400
678 0.023300
679 0.023000
680 0.022800
681 0.022200
682 0.021700
683 0.021000
684 0.020100
685 0.019300
686 0.018200
687 0.017100
688 0.016000
689 0.014900
690 0.013800
691 0.012800
692 0.011700
693 0.010800
694 0.009800
695 0.008900
696 0.008100
697 0.007400
698 0.006700
699 0.006100
700 0.005500
701 0.005000
702 0.004500
703 0.004100
704 0.003800
705 0.003400
706 0.003100
707 0.002800
708 0.002600
709 0.002400
710 0.002100
711 0.002000
712 0.001800
713 0.001600
714 0.001500
715 0.001300
716 0.001200
717 0.001100
718 0.001000
719 0.000900
720 0.000800
721 0.000800
722 0.000700
723 0.000600
724 0.000600
725 0.000500
726 0.000500
727 0.000400
728 0.000400
729 0.000400
730 0.000300
731 0.000300
732 0.000300
733 0.000300
734 0.000200
735 0.000200
736 0.000200
737 0.000200
738 0.000200
739 0.000200
740 0.000100
741 0.000100
742 0.000100
743 0.000100
744 0.000100
745 0.000100
746 0.000100
747 0.000100
748 0.000100
749 0.000100
750 0.000100
751 0.000100
752 0.000000
753 0.000000
754 0.000000
755 0.000000
756 0.000000
757 0.000000
758 0.000000
759 0.000000
760 0.000000
761 0.000000
762 0.000000
763 0.000000
764 0.000000
765 0.000000
766 0.000000
767 0.000000
768 0.000000
769 0.000000
770 0.000010
771 0.000009
772 0.000008
773 0.000008
774 0.000007
775 0.000006
776 0.000006
777 0.000005
778 0.000005
779 0.000005
780 0.000004
781 0.000004
782 0.000004
783 0.000003
784 0.000003
785 0.000003
786 0.000003
787 0.000002
788 0.000002
789 0.000002
790 0.000002
791 0.000002
792 0.000002
793 0.000001
794 0.000001
795 0.000001
796 0.000001
797 0.000001
798 0.000001
799 0.000001
800 0.000001
801 0.000001
802 0.000001
803 0.000001
804 0.000001
805 0.000001
806 0.000000
807 0.000000
808 0.000000
809 0.000000
810 0.000000
811 0.000000
812 0.000000
813 0.000000
814 0.000000
815 0.000000
816 0.000000
817 0.000000
818 0.000000
819 0.000000
820 0.000000
821 0.000000
822 0.000000
823 0.000000
824 0.000000
825 0.000000
826 0.000000
827 0.000000
828 0.000000
829 0.000000
830 0.000000
831 0.000000
832 0.000000
833 0.000000
834 0.000000
835 0.000000
836 0.000000
837 0.000000
838 0.000000
839 0.000000
840 0.000000
841 0.000000
842 0.000000
843 0.000000
844 0.000000
845 0.000000
846 0.000000
847 0.000000
848 0.000000
849 0.000000
850 0.000000
851 0.000000
852 0.000000
853 0.000000
854 0.000000
855 0.000000
856 0.000000
857 0.000000
858 0.000000
859 0.000000
860 0.000000
861 0.000000
862 0.000000
863 0.000000
864 0.000000
865 0.000000
866 0.000000
867 0.000000
868 0.000000
869 0.000000
870 0.000000
871 0.000000
872 0.000000
873 0.000000
874 0.000000
875 0.000000
876 0.000000
877 0.000000
878 0.000000
879 0.000000
880 0.000000
881 0.000000
882 0.000000
883 0.000000
884 0.000000
885 0.000000
886 0.000000
887 0.000000
888 0.000000
889 0.000000
890 0.000000
891 0.000000
892 0.000000
893 0.000000
894 0.000000
895 0.000000
896 0.000000
897 0.000000
898 0.000000
899 0.000000
900 0.000000
901 0.000000
902 0.000000
903 0.000000
904 0.000000
905 0.000000
906 0.000000
907 0.000000
908 0.000000
909 0.000000
910 0.000000
911 0.000000
912 0.000000
913 0.000000
914 0.000000
915 0.000000
916 0.000000
917 0.000000
918 0.000000
919 0.000000
920 0.000000
921 0.000000
922 0.000000
923 0.000000
924 0.000000
925 0.000000
926 0.000000
927 0.000000
928 0.000000
929 0.000000
930 0.000000
931 0.000000
932 0.000000
933 0.000000
934 0.000000
935 0.000000
936 0.000000
937 0.000000
938 0.000000
939 0.000000
940 0.000000
941 0.000000
942 0.000000
943 0.000000
944 0.000000
945 0.000000
946 0.000000
947 0.000000
948 0.000000
949 0.000000
950 0.000000
951 0.000000
952 0.000000
953 0.000000
954 0.000000
955 0.000000
956 0.000000
957 0.000000
958 0.000000
959 0.000000
960 0.000000
961 0.000000
962 0.000000
963 0.000000
964 0.000000
965 0.000000
966 0.000000
967 0.000000
968 0.000000
969 0.000000
970 0.000000
971 0.000000
972 0.000000
973 0.000000
974 0.000000
975 0.000000
976 0.000000
977 0.000000
978 0.000000
979 0.000000
980 0.000000
981 0.000000
982 0.000000
983 0.000000
984 0.000000
985 0.000000
986 0.000000
987 0.000000
988 0.000000
989 0.000000
990 0.000000
991 0.000000
992 0.000000
993 0.000000
994 0.000000
995 0.000000
996 0.000000
997 0.000000
998 0.000000
999 0.000000
1000 0.000000
1001 0.000000
1002 0.000000
1003 0.000000
1004 0.000000
1005 0.000000
1006 0.000000
1007 0.000000
1008 0.000000
1009 0.000000
1010 0.000000
1011 0.000000
1012 0.000000
1013 0.000000
1014 0.000000
1015 0.000000
1016 0.000000
1017 0.000000
1018 0.000000
1019 0.000000
1020 0.000000
1021 0.000000
1022 0.000000
1023 0.000000
1024 0.000000
1025 0.000000
1026 0.000000
1027 0.000000
1028 0.000000
1029 0.000000
1030 0.000000
1031 0.000000
1032 0.000000
1033 0.000000
1034 0.000000
1035 0.000000
1036 0.000000
1037 0.000000
1038 0.000000
1039 0.000000
1040 0.000000
1041 0.000000
1042 0.000000
1043 0.000000
1044 0.000000
1045 0.000000
1046 0.000000
1047 0.000000
1048 0.000000
1049 0.000000
1050 0.000000
1051 0.000000
1052 0.000000
1053 0.000000
1054 0.000000
1055 0.000000
1056 0.000000
1057 0.000000
1058 0.000000
1059 0.000000
1060 0.000000
1061 0.000000
1062 0.000000
1063 0.000000
1064 0.000000
1065 0.000000
1066 0.000000
1067 0.000000
1068 0.000000
1069 0.000000
1070 0.000000
1071 0.000000
1072 0.000000
1073 0.000000
1074 0.000000
1075 0.000000
1076 0.000000
1077 0.000000
1078 0.000000
1079 0.000000
1080 0.000000
1081 0.000000
1082 0.000000
1083 0.000000
1084 0.000000
1085 0.000000
1086 0.000000
1087 0.000000
1088 0.000000
1089 0.000000
1090 0.000000
1091 0.000000
1092 0.000000
1093 0.000000
1094 0.000000
1095 0.000000
1096 0.000000
1097 0.000000
1098 0.000000
1099 0.000000
1100 0.000000
