340 0.021300
341 0.021300
342 0.021300
343 0.021300
344 0.021300
345 0.021300
346 0.021300
347 0.021300
348 0.021300
349 0.021300
350 0.021300
351 0.021300
352 0.021300
353 0.021300
354 0.021300
355 0.021300
356 0.021300
357 0.021300
358 0.021300
359 0.021300
360 0.021300
361 0.021300
362 0.021300
363 0.021300
364 0.021300
365 0.021300
366 0.021300
367 0.021300
368 0.021300
369 0.021300
370 0.021300
371 0.021300
372 0.021400
373 0.021400
374 0.021400
375 0.021400
376 0.021400
377 0.021400
378 0.021500
379 0.021500
380 0.021600
381 0.021700
382 0.021800
383 0.022000
384 0.022300
385 0.022500
386 0.022800
387 0.023000
388 0.023200
389 0.023500
390 0.023700
391 0.023900
392 0.024200
393 0.024400
394 0.024600
395 0.024900
396 0.025100
397 0.025400
398 0.025600
399 0.025800
400 0.026100
401 0.026300
402 0.026500
403 0.026800
404 0.027100
405 0.027300
406 0.027600
407 0.027900
408 0.028200
409 0.028500
410 0.028700
411 0.029000
412 0.029200
413 0.029400
414 0.029600
415 0.029800
416 0.030000
417 0.030100
418 0.030300
419 0.030400
420 0.030600
421 0.030700
422 0.030800
423 0.031000
424 0.031100
425 0.031300
426 0.031500
427 0.031600
428 0.031800
429 0.032000
430 0.032100
431 0.032300
432 0.032500
433 0.032600
434 0.032700
435 0.032800
436 0.032800
437 0.032700
438 0.032700
439 0.032500
440 0.032300
441 0.032100
442 0.031900
443 0.031600
444 0.031300
445 0.031000
446 0.030700
447 0.030400
448 0.030100
449 0.029800
450 0.029500
451 0.029200
452 0.029000
453 0.028800
454 0.028700
455 0.028600
456 0.028500
457 0.028400
458 0.028400
459 0.028300
460 0.028300
461 0.028200
462 0.028100
463 0.028000
464 0.027900
465 0.027800
466 0.027700
467 0.027500
468 0.027300
469 0.027000
470 0.026700
471 0.026400
472 0.026100
473 0.025800
474 0.025400
475 0.025100
476 0.024700
477 0.024400
478 0.024000
479 0.023800
480 0.023500
481 0.023300
482 0.023100
483 0.022900
484 0.022800
485 0.022700
486 0.022700
487 0.022700
488 0.022800
489 0.022800
490 0.022900
491 0.022900
492 0.023000
493 0.023000
494 0.023100
495 0.023100
496 0.023000
497 0.022900
498 0.022800
499 0.022600
500 0.022500
501 0.022200
502 0.022000
503 0.021700
504 0.021400
505 0.021000
506 0.020600
507 0.020200
508 0.019800
509 0.019400
510 0.019000
511 0.018600
512 0.018200
513 0.017800
514 0.017400
515 0.017100
516 0.016800
517 0.016500
518 0.016300
519 0.016100
520 0.016000
521 0.015900
522 0.015800
523 0.015700
524 0.015700
525 0.015600
526 0.015700
527 0.015700
528 0.015800
529 0.015900
530 0.016000
531 0.016100
532 0.016200
533 0.016300
534 0.016400
535 0.016500
536 0.016600
537 0.016700
538 0.016900
539 0.016900
540 0.017000
541 0.017100
542 0.017200
543 0.017200
544 0.017300
545 0.017300
546 0.017400
547 0.017400
548 0.017400
549 0.017400
550 0.017400
551 0.017400
552 0.017400
553 0.017400
554 0.017400
555 0.017400
556 0.017400
557 0.017400
558 0.017300
559 0.017300
560 0.017300
561 0.017300
562 0.017300
563 0.017300
564 0.017200
565 0.017200
566 0.017100
567 0.017000
568 0.016900
569 0.016700
570 0.016600
571 0.016400
572 0.016200
573 0.015900
574 0.015600
575 0.015400
576 0.015000
577 0.014700
578 0.014400
579 0.014000
580 0.013600
581 0.013200
582 0.012800
583 0.012400
584 0.012000
585 0.011500
586 0.011100
587 0.010700
588 0.010300
589 0.009900
590 0.009500
591 0.009100
592 0.008800
593 0.008400
594 0.008100
595 0.007800
596 0.007500
597 0.007300
598 0.007100
599 0.006900
600 0.006700
601 0.006600
602 0.006400
603 0.006300
604 0.006300
605 0.006200
606 0.006300
607 0.006300
608 0.006300
609 0.006400
610 0.006500
611 0.006600
612 0.006700
613 0.006800
614 0.007000
615 0.007100
616 0.007200
617 0.007300
618 0.007500
619 0.007600
620 0.007700
621 0.007800
622 0.007900
623 0.008000
624 0.008100
625 0.008200
626 0.008300
627 0.008400
628 0.008500
629 0.008500
630 0.008600
631 0.008600
632 0.008700
633 0.008700
634 0.008700
635 0.008700
636 0.008700
637 0.008700
638 0.008600
639 0.008600
640 0.008600
641 0.008500
642 0.008500
643 0.008400
644 0.008400
645 0.008400
646 0.008400
647 0.008400
648 0.008500
649 0.008700
650 0.008800
651 0.009100
652 0.009300
653 0.009600
654 0.010000
655 0.010400
656 0.011000
657 0.011700
658 0.012400
659 0.013100
660 0.013900
661 0.014700
662 0.015600
663 0.016400
664 0.017300
665 0.018100
666 0.018900
667 0.019600
668 0.020300
669 0.020800
670 0.021400
671 0.021900
672 0.022400
673 0.022700
674 0.023000
675 0.023300
676 0.023300
677 0.023300
678 0.023200
679 0.023000
680 0.022700
681 0.022200
682 0.021700
683 0.021100
684 0.020300
685 0.019500
686 0.018500
687 0.017500
688 0.016500
689 0.015400
690 0.014300
691 0.013200
692 0.012200
693 0.011100
694 0.010200
695 0.009200
696 0.008400
697 0.007600
698 0.006800
699 0.006100
700 0.005500
701 0.005000
702 0.004600
703 0.004100
704 0.003800
705 0.003400
706 0.003100
707 0.002900
708 0.002600
709 0.002400
710 0.002200
711 0.002000
712 0.001800
713 0.001600
714 0.001500
715 0.001400
716 0.001200
717 0.001100
718 0.001000
719 0.000900
720 0.000900
721 0.000800
722 0.000700
723 0.000600
724 0.000600
725 0.000500
726 0.000500
727 0.000400
728 0.000400
729 0.000400
730 0.000300
731 0.000300
732 0.000300
733 0.000300
734 0.000200
735 0.000200
736 0.000200
737 0.000200
738 0.000200
739 0.000200
740 0.000100
741 0.000100
742 0.000100
743 0.000100
744 0.000100
745 0.000100
746 0.000100
747 0.000100
748 0.000100
749 0.000100
750 0.000100
751 0.000100
752 0.000000
753 0.000000
754 0.000000
755 0.000000
756 0.000000
757 0.000000
758 0.000000
759 0.000000
760 0.000000
761 0.000000
762 0.000000
763 0.000000
764 0.000000
765 0.000000
766 0.000000
767 0.000000
768 0.000000
769 0.000000
770 0.000010
771 0.000009
772 0.000008
773 0.000008
774 0.000007
775 0.000006
776 0.000006
777 0.000005
778 0.000005
779 0.000005
780 0.000004
781 0.000004
782 0.000004
783 0.000003
784 0.000003
785 0.000003
786 0.000003
787 0.000002
788 0.000002
789 0.000002
790 0.000002
791 0.000002
792 0.000002
793 0.000001
794 0.000001
795 0.000001
796 0.000001
797 0.000001
798 0.000001
799 0.000001
800 0.000001
801 0.000001
802 0.000001
803 0.000001
804 0.000001
805 0.000001
806 0.000000
807 0.000000
808 0.000000
809 0.000000
810 0.000000
811 0.000000
812 0.000000
813 0.000000
814 0.000000
815 0.000000
816 0.000000
817 0.000000
818 0.000000
819 0.000000
820 0.000000
821 0.000000
822 0.000000
823 0.000000
824 0.000000
825 0.000000
826 0.000000
827 0.000000
828 0.000000
829 0.000000
830 0.000000
831 0.000000
832 0.000000
833 0.000000
834 0.000000
835 0.000000
836 0.000000
837 0.000000
838 0.000000
839 0.000000
840 0.000000
841 0.000000
842 0.000000
843 0.000000
844 0.000000
845 0.000000
846 0.000000
847 0.000000
848 0.000000
849 0.000000
850 0.000000
851 0.000000
852 0.000000
853 0.000000
854 0.000000
855 0.000000
856 0.000000
857 0.000000
858 0.000000
859 0.000000
860 0.000000
861 0.000000
862 0.000000
863 0.000000
864 0.000000
865 0.000000
866 0.000000
867 0.000000
868 0.000000
869 0.000000
870 0.000000
871 0.000000
872 0.000000
873 0.000000
874 0.000000
875 0.000000
876 0.000000
877 0.000000
878 0.000000
879 0.000000
880 0.000000
881 0.000000
882 0.000000
883 0.000000
884 0.000000
885 0.000000
886 0.000000
887 0.000000
888 0.000000
889 0.000000
890 0.000000
891 0.000000
892 0.000000
893 0.000000
894 0.000000
895 0.000000
896 0.000000
897 0.000000
898 0.000000
899 0.000000
900 0.000000
901 0.000000
902 0.000000
903 0.000000
904 0.000000
905 0.000000
906 0.000000
907 0.000000
908 0.000000
909 0.000000
910 0.000000
911 0.000000
912 0.000000
913 0.000000
914 0.000000
915 0.000000
916 0.000000
917 0.000000
918 0.000000
919 0.000000
920 0.000000
921 0.000000
922 0.000000
923 0.000000
924 0.000000
925 0.000000
926 0.000000
927 0.000000
928 0.000000
929 0.000000
930 0.000000
931 0.000000
932 0.000000
933 0.000000
934 0.000000
935 0.000000
936 0.000000
937 0.000000
938 0.000000
939 0.000000
940 0.000000
941 0.000000
942 0.000000
943 0.000000
944 0.000000
945 0.000000
946 0.000000
947 0.000000
948 0.000000
949 0.000000
950 0.000000
951 0.000000
952 0.000000
953 0.000000
954 0.000000
955 0.000000
956 0.000000
957 0.000000
958 0.000000
959 0.000000
960 0.000000
961 0.000000
962 0.000000
963 0.000000
964 0.000000
965 0.000000
966 0.000000
967 0.000000
968 0.000000
969 0.000000
970 0.000000
971 0.000000
972 0.000000
973 0.000000
974 0.000000
975 0.000000
976 0.000000
977 0.000000
978 0.000000
979 0.000000
980 0.000000
981 0.000000
982 0.000000
983 0.000000
984 0.000000
985 0.000000
986 0.000000
987 0.000000
988 0.000000
989 0.000000
990 0.000000
991 0.000000
992 0.000000
993 0.000000
994 0.000000
995 0.000000
996 0.000000
997 0.000000
998 0.000000
999 0.000000
1000 0.000000
1001 0.000000
1002 0.000000
1003 0.000000
1004 0.000000
1005 0.000000
1006 0.000000
1007 0.000000
1008 0.000000
1009 0.000000
1010 0.000000
1011 0.000000
1012 0.000000
1013 0.000000
1014 0.000000
1015 0.000000
1016 0.000000
1017 0.000000
1018 0.000000
1019 0.000000
1020 0.000000
1021 0.000000
1022 0.000000
1023 0.000000
1024 0.000000
1025 0.000000
1026 0.000000
1027 0.000000
1028 0.000000
1029 0.000000
1030 0.000000
1031 0.000000
1032 0.000000
1033 0.000000
1034 0.000000
1035 0.000000
1036 0.000000
1037 0.000000
1038 0.000000
1039 0.000000
1040 0.000000
1041 0.000000
1042 0.000000
1043 0.000000
1044 0.000000
1045 0.000000
1046 0.000000
1047 0.000000
1048 0.000000
1049 0.000000
1050 0.000000
1051 0.000000
1052 0.000000
1053 0.000000
1054 0.000000
1055 0.000000
1056 0.000000
1057 0.000000
1058 0.000000
1059 0.000000
1060 0.000000
1061 0.000000
1062 0.000000
1063 0.000000
1064 0.000000
1065 0.000000
1066 0.000000
1067 0.000000
1068 0.000000
1069 0.000000
1070 0.000000
1071 0.000000
1072 0.000000
1073 0.000000
1074 0.000000
1075 0.000000
1076 0.000000
1077 0.000000
1078 0.000000
1079 0.000000
1080 0.000000
1081 0.000000
1082 0.000000
1083 0.000000
1084 0.000000
1085 0.000000
1086 0.000000
1087 0.000000
1088 0.000000
1089 0.000000
1090 0.000000
1091 0.000000
1092 0.000000
1093 0.000000
1094 0.000000
1095 0.000000
1096 0.000000
1097 0.000000
1098 0.000000
1099 0.000000
1100 0.000000
