340 0.226900
341 0.226800
342 0.226700
343 0.226600
344 0.226500
345 0.226400
346 0.226300
347 0.226200
348 0.226100
349 0.226000
350 0.225900
351 0.225800
352 0.225800
353 0.225700
354 0.225600
355 0.225500
356 0.225400
357 0.225300
358 0.225200
359 0.225100
360 0.225000
361 0.224900
362 0.224900
363 0.224800
364 0.224700
365 0.224600
366 0.224500
367 0.224400
368 0.224300
369 0.224200
370 0.224100
371 0.224000
372 0.223900
373 0.223900
374 0.223800
375 0.223600
376 0.223500
377 0.223400
378 0.223300
379 0.223100
380 0.222900
381 0.222700
382 0.222400
383 0.221900
384 0.221500
385 0.221000
386 0.220500
387 0.220100
388 0.219600
389 0.219200
390 0.218700
391 0.218200
392 0.217800
393 0.217300
394 0.216900
395 0.216400
396 0.215900
397 0.215500
398 0.215000
399 0.214600
400 0.214100
401 0.213600
402 0.213200
403 0.212700
404 0.212300
405 0.211900
406 0.211400
407 0.211000
408 0.210600
409 0.210200
410 0.209700
411 0.209400
412 0.209100
413 0.208800
414 0.208500
415 0.208300
416 0.208100
417 0.208000
418 0.207800
419 0.207600
420 0.207500
421 0.207300
422 0.207200
423 0.207000
424 0.206800
425 0.206500
426 0.206200
427 0.205900
428 0.205600
429 0.205200
430 0.204900
431 0.204500
432 0.204200
433 0.203900
434 0.203600
435 0.203400
436 0.203200
437 0.203100
438 0.203000
439 0.203000
440 0.203000
441 0.203200
442 0.203400
443 0.203600
444 0.203900
445 0.204200
446 0.204500
447 0.204700
448 0.205000
449 0.205200
450 0.205400
451 0.205600
452 0.205700
453 0.205800
454 0.205900
455 0.205900
456 0.206000
457 0.206000
458 0.206000
459 0.206100
460 0.206100
461 0.206200
462 0.206300
463 0.206400
464 0.206500
465 0.206700
466 0.206800
467 0.207100
468 0.207300
469 0.207500
470 0.207800
471 0.208200
472 0.208500
473 0.208900
474 0.209300
475 0.209700
476 0.210100
477 0.210600
478 0.211000
479 0.211400
480 0.211800
481 0.212100
482 0.212500
483 0.212900
484 0.213200
485 0.213500
486 0.213900
487 0.214200
488 0.214500
489 0.214700
490 0.215000
491 0.215300
492 0.215600
493 0.215800
494 0.216100
495 0.216400
496 0.216600
497 0.216900
498 0.217200
499 0.217500
500 0.217700
501 0.218000
502 0.218300
503 0.218600
504 0.218900
505 0.219200
506 0.219500
507 0.219700
508 0.220000
509 0.220300
510 0.220600
511 0.220900
512 0.221100
513 0.221400
514 0.221700
515 0.222000
516 0.222200
517 0.222500
518 0.222700
519 0.223000
520 0.223200
521 0.223400
522 0.223700
523 0.223900
524 0.224200
525 0.224400
526 0.224700
527 0.224900
528 0.225100
529 0.225300
530 0.225600
531 0.225800
532 0.226000
533 0.226300
534 0.226500
535 0.226700
536 0.226900
537 0.227100
538 0.227300
539 0.227500
540 0.227700
541 0.227900
542 0.228100
543 0.228300
544 0.228500
545 0.228700
546 0.228900
547 0.229100
548 0.229200
549 0.229400
550 0.229600
551 0.229800
552 0.230000
553 0.230100
554 0.230300
555 0.230400
556 0.230500
557 0.230600
558 0.230700
559 0.230800
560 0.230800
561 0.230800
562 0.230900
563 0.230900
564 0.230900
565 0.230900
566 0.230800
567 0.230800
568 0.230700
569 0.230700
570 0.230600
571 0.230400
572 0.230300
573 0.230100
574 0.230000
575 0.229800
576 0.229700
577 0.229500
578 0.229300
579 0.229200
580 0.229000
581 0.228800
582 0.228600
583 0.228500
584 0.228300
585 0.228100
586 0.227900
587 0.227800
588 0.227700
589 0.227600
590 0.227500
591 0.227500
592 0.227500
593 0.227500
594 0.227500
595 0.227500
596 0.227500
597 0.227600
598 0.227600
599 0.227600
600 0.227700
601 0.227700
602 0.227700
603 0.227700
604 0.227700
605 0.227700
606 0.227600
607 0.227600
608 0.227500
609 0.227300
610 0.227200
611 0.227000
612 0.226800
613 0.226700
614 0.226500
615 0.226400
616 0.226200
617 0.226000
618 0.225900
619 0.225800
620 0.225600
621 0.225500
622 0.225400
623 0.225200
624 0.225100
625 0.224900
626 0.224700
627 0.224500
628 0.224400
629 0.224200
630 0.224100
631 0.224000
632 0.223800
633 0.223700
634 0.223600
635 0.223500
636 0.223400
637 0.223400
638 0.223300
639 0.223300
640 0.223300
641 0.223300
642 0.223300
643 0.223300
644 0.223400
645 0.223400
646 0.223500
647 0.223500
648 0.223500
649 0.223500
650 0.223400
651 0.223200
652 0.223100
653 0.222700
654 0.222400
655 0.221800
656 0.221300
657 0.220500
658 0.219800
659 0.218900
660 0.218100
661 0.217100
662 0.216100
663 0.215000
664 0.213900
665 0.212900
666 0.211800
667 0.210900
668 0.210000
669 0.209200
670 0.208500
671 0.207900
672 0.207400
673 0.207100
674 0.206800
675 0.206900
676 0.206900
677 0.207400
678 0.207800
679 0.208700
680 0.209500
681 0.210600
682 0.211800
683 0.213200
684 0.214600
685 0.216000
686 0.217400
687 0.218800
688 0.220100
689 0.221400
690 0.222600
691 0.223600
692 0.224600
693 0.225400
694 0.226200
695 0.226900
696 0.227500
697 0.227900
698 0.228300
699 0.228500
700 0.228800
701 0.229000
702 0.229200
703 0.229300
704 0.229500
705 0.229600
706 0.229700
707 0.229700
708 0.229800
709 0.229800
710 0.229800
711 0.229800
712 0.229800
713 0.229800
714 0.229800
715 0.229800
716 0.229800
717 0.229800
718 0.229800
719 0.229700
720 0.229700
721 0.229700
722 0.229700
723 0.229700
724 0.229700
725 0.229700
726 0.229700
727 0.229700
728 0.229700
729 0.229700
730 0.229700
731 0.229700
732 0.229600
733 0.229600
734 0.229600
735 0.229600
736 0.229600
737 0.229500
738 0.229500
739 0.229500
740 0.229500
741 0.229400
742 0.229400
743 0.229400
744 0.229400
745 0.229300
746 0.229300
747 0.229300
748 0.229300
749 0.229200
750 0.229200
751 0.229200
752 0.229100
753 0.229100
754 0.229100
755 0.229000
756 0.229000
757 0.229000
758 0.228900
759 0.228900
760 0.228900
761 0.228900
762 0.228800
763 0.228800
764 0.228800
765 0.228700
766 0.228700
767 0.228700
768 0.228600
769 0.228600
770 0.228600
771 0.228500
772 0.228500
773 0.228400
774 0.228400
775 0.228400
776 0.228300
777 0.228300
778 0.228300
779 0.228200
780 0.228200
781 0.228200
782 0.228100
783 0.228100
784 0.228100
785 0.228000
786 0.228000
787 0.228000
788 0.227900
789 0.227900
790 0.227900
791 0.227800
792 0.227800
793 0.227700
794 0.227700
795 0.227700
796 0.227600
797 0.227600
798 0.227600
799 0.227500
800 0.227500
801 0.227500
802 0.227400
803 0.227400
804 0.227400
805 0.227300
806 0.227300
807 0.227300
808 0.227200
809 0.227200
810 0.227200
811 0.227100
812 0.227100
813 0.227000
814 0.227000
815 0.227000
816 0.226900
817 0.226900
818 0.226900
819 0.226800
820 0.226800
821 0.226800
822 0.226700
823 0.226700
824 0.226700
825 0.226600
826 0.226600
827 0.226600
828 0.226500
829 0.226500
830 0.226500
831 0.226400
832 0.226400
833 0.226400
834 0.226300
835 0.226300
836 0.226200
837 0.226200
838 0.226200
839 0.226100
840 0.226100
841 0.226100
842 0.226000
843 0.226000
844 0.226000
845 0.225900
846 0.225900
847 0.225900
848 0.225800
849 0.225800
850 0.225800
851 0.225700
852 0.225700
853 0.225700
854 0.225600
855 0.225600
856 0.225600
857 0.225500
858 0.225500
859 0.225500
860 0.225400
861 0.225400
862 0.225400
863 0.225300
864 0.225300
865 0.225300
866 0.225200
867 0.225200
868 0.225200
869 0.225100
870 0.225100
871 0.225100
872 0.225000
873 0.225000
874 0.225000
875 0.224900
876 0.224900
877 0.224900
878 0.224800
879 0.224800
880 0.224800
881 0.224700
882 0.224700
883 0.224700
884 0.224600
885 0.224600
886 0.224600
887 0.224600
888 0.224500
889 0.224500
890 0.224500
891 0.224400
892 0.224400
893 0.224400
894 0.224300
895 0.224300
896 0.224300
897 0.224200
898 0.224200
899 0.224200
900 0.224100
901 0.224100
902 0.224100
903 0.224000
904 0.224000
905 0.224000
906 0.223900
907 0.223900
908 0.223900
909 0.223900
910 0.223800
911 0.223800
912 0.223800
913 0.223700
914 0.223700
915 0.223700
916 0.223600
917 0.223600
918 0.223600
919 0.223500
920 0.223500
921 0.223500
922 0.223400
923 0.223400
924 0.223400
925 0.223400
926 0.223300
927 0.223300
928 0.223300
929 0.223200
930 0.223200
931 0.223200
932 0.223100
933 0.223100
934 0.223100
935 0.223000
936 0.223000
937 0.223000
938 0.223000
939 0.222900
940 0.222900
941 0.222900
942 0.222800
943 0.222800
944 0.222800
945 0.222700
946 0.222700
947 0.222700
948 0.222700
949 0.222600
950 0.222600
951 0.222600
952 0.222500
953 0.222500
954 0.222500
955 0.222400
956 0.222400
957 0.222400
958 0.222400
959 0.222300
960 0.222300
961 0.222300
962 0.222200
963 0.222200
964 0.222200
965 0.222200
966 0.222100
967 0.222100
968 0.222100
969 0.222000
970 0.222000
971 0.222000
972 0.221900
973 0.221900
974 0.221900
975 0.221900
976 0.221800
977 0.221800
978 0.221800
979 0.221700
980 0.221700
981 0.221700
982 0.221700
983 0.221600
984 0.221600
985 0.221600
986 0.221500
987 0.221500
988 0.221500
989 0.221500
990 0.221400
991 0.221400
992 0.221400
993 0.221300
994 0.221300
995 0.221300
996 0.221300
997 0.221200
998 0.221200
999 0.221200
1000 0.221100
1001 0.221100
1002 0.221100
1003 0.221100
1004 0.221000
1005 0.221000
1006 0.221000
1007 0.221000
1008 0.220900
1009 0.220900
1010 0.220900
1011 0.220800
1012 0.220800
1013 0.220800
1014 0.220800
1015 0.220700
1016 0.220700
1017 0.220700
1018 0.220600
1019 0.220600
1020 0.220600
1021 0.220600
1022 0.220500
1023 0.220500
1024 0.220500
1025 0.220500
1026 0.220400
1027 0.220400
1028 0.220400
1029 0.220300
1030 0.220300
1031 0.220300
1032 0.220300
1033 0.220200
1034 0.220200
1035 0.220200
1036 0.220200
1037 0.220100
1038 0.220100
1039 0.220100
1040 0.220000
1041 0.220000
1042 0.220000
1043 0.220000
1044 0.219900
1045 0.219900
1046 0.219900
1047 0.219900
1048 0.219800
1049 0.219800
1050 0.219800
1051 0.219800
1052 0.219700
1053 0.219700
1054 0.219700
1055 0.219600
1056 0.219600
1057 0.219600
1058 0.219600
1059 0.219500
1060 0.219500
1061 0.219500
1062 0.219500
1063 0.219400
1064 0.219400
1065 0.219400
1066 0.219400
1067 0.219300
1068 0.219300
1069 0.219300
1070 0.219300
1071 0.219200
1072 0.219200
1073 0.219200
1074 0.219100
1075 0.219100
1076 0.219100
1077 0.219100
1078 0.219000
1079 0.219000
1080 0.219000
1081 0.219000
1082 0.218900
1083 0.218900
1084 0.218900
1085 0.218900
1086 0.218800
1087 0.218800
1088 0.218800
1089 0.218800
1090 0.218700
1091 0.218700
1092 0.218700
1093 0.218700
1094 0.218600
1095 0.218600
1096 0.218600
1097 0.218600
1098 0.218500
1099 0.218500
1100 0.218500
