340 0.735000
341 0.733500
342 0.732000
343 0.731000
344 0.730000
345 0.729100
346 0.728000
347 0.726900
348 0.725800
349 0.724600
350 0.723500
351 0.722400
352 0.721300
353 0.720200
354 0.719100
355 0.717800
356 0.716600
357 0.715500
358 0.714300
359 0.713100
360 0.711900
361 0.710700
362 0.709400
363 0.708100
364 0.706800
365 0.705500
366 0.704200
367 0.702800
368 0.701400
369 0.700000
370 0.698500
371 0.697000
372 0.695500
373 0.694000
374 0.692400
375 0.690800
376 0.689200
377 0.687600
378 0.686100
379 0.684600
380 0.683300
381 0.682000
382 0.680900
383 0.680000
384 0.679200
385 0.678500
386 0.677800
387 0.677200
388 0.676400
389 0.675500
390 0.674700
391 0.673800
392 0.673000
393 0.672100
394 0.671300
395 0.670500
396 0.669700
397 0.668800
398 0.667800
399 0.666800
400 0.665800
401 0.664700
402 0.663600
403 0.662400
404 0.661300
405 0.660100
406 0.658900
407 0.657700
408 0.656500
409 0.655400
410 0.654300
411 0.653300
412 0.652300
413 0.651400
414 0.650400
415 0.649500
416 0.648700
417 0.647800
418 0.647000
419 0.646200
420 0.645500
421 0.644800
422 0.644100
423 0.643400
424 0.642800
425 0.642100
426 0.641500
427 0.640900
428 0.640400
429 0.639800
430 0.639300
431 0.638800
432 0.638300
433 0.637700
434 0.637200
435 0.636700
436 0.636200
437 0.635700
438 0.635200
439 0.634800
440 0.634400
441 0.634000
442 0.633600
443 0.633200
444 0.632900
445 0.632600
446 0.632300
447 0.632100
448 0.631800
449 0.631600
450 0.631300
451 0.631100
452 0.630800
453 0.630500
454 0.630300
455 0.630100
456 0.629900
457 0.629700
458 0.629600
459 0.629500
460 0.629400
461 0.629300
462 0.629300
463 0.629400
464 0.629500
465 0.629600
466 0.629800
467 0.630100
468 0.630400
469 0.630700
470 0.631100
471 0.631600
472 0.632000
473 0.632500
474 0.633000
475 0.633500
476 0.633900
477 0.634400
478 0.634900
479 0.635300
480 0.635700
481 0.636100
482 0.636400
483 0.636700
484 0.636900
485 0.637100
486 0.637300
487 0.637400
488 0.637500
489 0.637600
490 0.637700
491 0.637800
492 0.637800
493 0.637900
494 0.637900
495 0.638000
496 0.638100
497 0.638200
498 0.638400
499 0.638500
500 0.638700
501 0.638900
502 0.639100
503 0.639300
504 0.639500
505 0.639600
506 0.639700
507 0.639800
508 0.639900
509 0.639900
510 0.639900
511 0.639900
512 0.639800
513 0.639800
514 0.639800
515 0.639800
516 0.639700
517 0.639700
518 0.639700
519 0.639700
520 0.639600
521 0.639500
522 0.639400
523 0.639200
524 0.639000
525 0.638700
526 0.638300
527 0.637900
528 0.637500
529 0.637000
530 0.636500
531 0.635900
532 0.635300
533 0.634700
534 0.634000
535 0.633400
536 0.632700
537 0.632100
538 0.631400
539 0.630800
540 0.630100
541 0.629400
542 0.628700
543 0.628100
544 0.627400
545 0.626800
546 0.626100
547 0.625500
548 0.624900
549 0.624200
550 0.623500
551 0.622900
552 0.622200
553 0.621400
554 0.620700
555 0.619900
556 0.619100
557 0.618300
558 0.617400
559 0.616500
560 0.615600
561 0.614600
562 0.613600
563 0.612600
564 0.611500
565 0.610300
566 0.609200
567 0.608000
568 0.606800
569 0.605600
570 0.604500
571 0.603300
572 0.602200
573 0.601200
574 0.600100
575 0.599100
576 0.598200
577 0.597200
578 0.596400
579 0.595500
580 0.594700
581 0.593900
582 0.593200
583 0.592400
584 0.591600
585 0.590900
586 0.590100
587 0.589200
588 0.588400
589 0.587500
590 0.586700
591 0.585800
592 0.584800
593 0.583900
594 0.582900
595 0.581900
596 0.581000
597 0.580000
598 0.579000
599 0.578000
600 0.577100
601 0.576100
602 0.575200
603 0.574300
604 0.573300
605 0.572400
606 0.571500
607 0.570500
608 0.569600
609 0.568600
610 0.567700
611 0.566700
612 0.565700
613 0.564700
614 0.563700
615 0.562800
616 0.561800
617 0.560900
618 0.560000
619 0.559100
620 0.558200
621 0.557400
622 0.556500
623 0.555700
624 0.555000
625 0.554200
626 0.553400
627 0.552600
628 0.551800
629 0.551100
630 0.550300
631 0.549500
632 0.548700
633 0.547900
634 0.547100
635 0.546400
636 0.545700
637 0.545100
638 0.544400
639 0.543800
640 0.543200
641 0.542600
642 0.542000
643 0.541400
644 0.540800
645 0.540100
646 0.539400
647 0.538600
648 0.537800
649 0.536900
650 0.535900
651 0.535000
652 0.533900
653 0.532800
654 0.531700
655 0.530600
656 0.529400
657 0.528200
658 0.527000
659 0.525800
660 0.524600
661 0.523300
662 0.522000
663 0.520700
664 0.519400
665 0.518100
666 0.516800
667 0.515500
668 0.514300
669 0.513200
670 0.512200
671 0.511300
672 0.510600
673 0.510000
674 0.509500
675 0.509300
676 0.509200
677 0.509400
678 0.509700
679 0.510100
680 0.510700
681 0.511500
682 0.512300
683 0.513100
684 0.514100
685 0.515000
686 0.516200
687 0.517100
688 0.517800
689 0.518300
690 0.518600
691 0.518700
692 0.518600
693 0.518400
694 0.518000
695 0.517500
696 0.516800
697 0.516200
698 0.515400
699 0.514600
700 0.513800
701 0.513000
702 0.512100
703 0.511200
704 0.510400
705 0.509600
706 0.508800
707 0.508100
708 0.507400
709 0.506700
710 0.506000
711 0.505300
712 0.504600
713 0.503900
714 0.503200
715 0.502500
716 0.501700
717 0.501000
718 0.500200
719 0.499400
720 0.498700
721 0.497900
722 0.497100
723 0.496300
724 0.495600
725 0.494800
726 0.494000
727 0.493200
728 0.492500
729 0.492200
730 0.491700
731 0.491300
732 0.490900
733 0.490500
734 0.490200
735 0.489800
736 0.489400
737 0.489000
738 0.488600
739 0.488200
740 0.487800
741 0.487400
742 0.487000
743 0.486600
744 0.486100
745 0.485700
746 0.485300
747 0.484900
748 0.484500
749 0.484100
750 0.483700
751 0.483300
752 0.482900
753 0.482500
754 0.482100
755 0.481700
756 0.481200
757 0.480800
758 0.480400
759 0.480000
760 0.479600
761 0.479200
762 0.478800
763 0.478400
764 0.478000
765 0.477600
766 0.477200
767 0.476800
768 0.476400
769 0.476100
770 0.475700
771 0.475300
772 0.474900
773 0.474500
774 0.474100
775 0.473700
776 0.473300
777 0.472900
778 0.472500
779 0.472100
780 0.471800
781 0.471400
782 0.471000
783 0.470600
784 0.470200
785 0.469800
786 0.469500
787 0.469100
788 0.468700
789 0.468300
790 0.467900
791 0.467600
792 0.467200
793 0.466800
794 0.466400
795 0.466100
796 0.465700
797 0.465300
798 0.464900
799 0.464600
800 0.464200
801 0.463800
802 0.463500
803 0.463100
804 0.462700
805 0.462300
806 0.462000
807 0.461600
808 0.461300
809 0.460900
810 0.460500
811 0.460200
812 0.459800
813 0.459400
814 0.459100
815 0.458700
816 0.458400
817 0.458000
818 0.457600
819 0.457300
820 0.456900
821 0.456600
822 0.456200
823 0.455900
824 0.455500
825 0.455200
826 0.454800
827 0.454500
828 0.454100
829 0.453800
830 0.453400
831 0.453100
832 0.452700
833 0.452400
834 0.452000
835 0.451700
836 0.451300
837 0.451000
838 0.450600
839 0.450300
840 0.449900
841 0.449600
842 0.449300
843 0.448900
844 0.448600
845 0.448200
846 0.447900
847 0.447600
848 0.447200
849 0.446900
850 0.446600
851 0.446200
852 0.445900
853 0.445600
854 0.445200
855 0.444900
856 0.444600
857 0.444200
858 0.443900
859 0.443600
860 0.443200
861 0.442900
862 0.442600
863 0.442300
864 0.441900
865 0.441600
866 0.441300
867 0.440900
868 0.440600
869 0.440300
870 0.440000
871 0.439700
872 0.439300
873 0.439000
874 0.438700
875 0.438400
876 0.438000
877 0.437700
878 0.437400
879 0.437100
880 0.436800
881 0.436500
882 0.436100
883 0.435800
884 0.435500
885 0.435200
886 0.434900
887 0.434600
888 0.434300
889 0.433900
890 0.433600
891 0.433300
892 0.433000
893 0.432700
894 0.432400
895 0.432100
896 0.431800
897 0.431500
898 0.431200
899 0.430900
900 0.430600
901 0.430200
902 0.429900
903 0.429600
904 0.429300
905 0.429000
906 0.428700
907 0.428400
908 0.428100
909 0.427800
910 0.427500
911 0.427200
912 0.426900
913 0.426600
914 0.426300
915 0.426000
916 0.425700
917 0.425400
918 0.425100
919 0.424800
920 0.424500
921 0.424300
922 0.424000
923 0.423700
924 0.423400
925 0.423100
926 0.422800
927 0.422500
928 0.422200
929 0.421900
930 0.421600
931 0.421300
932 0.421000
933 0.420800
934 0.420500
935 0.420200
936 0.419900
937 0.419600
938 0.419300
939 0.419000
940 0.418800
941 0.418500
942 0.418200
943 0.417900
944 0.417600
945 0.417300
946 0.417100
947 0.416800
948 0.416500
949 0.416200
950 0.415900
951 0.415700
952 0.415400
953 0.415100
954 0.414800
955 0.414500
956 0.414300
957 0.414000
958 0.413700
959 0.413400
960 0.413200
961 0.412900
962 0.412600
963 0.412300
964 0.412100
965 0.411800
966 0.411500
967 0.411200
968 0.411000
969 0.410700
970 0.410400
971 0.410200
972 0.409900
973 0.409600
974 0.409400
975 0.409100
976 0.408800
977 0.408600
978 0.408300
979 0.408000
980 0.407800
981 0.407500
982 0.407200
983 0.407000
984 0.406700
985 0.406400
986 0.406200
987 0.405900
988 0.405600
989 0.405400
990 0.405100
991 0.404900
992 0.404600
993 0.404300
994 0.404100
995 0.403800
996 0.403600
997 0.403300
998 0.403000
999 0.402800
1000 0.402500
1001 0.402300
1002 0.402000
1003 0.401800
1004 0.401500
1005 0.401200
1006 0.401000
1007 0.400700
1008 0.400500
1009 0.400200
1010 0.400000
1011 0.399700
1012 0.399500
1013 0.399200
1014 0.399000
1015 0.398700
1016 0.398500
1017 0.398200
1018 0.398000
1019 0.397700
1020 0.397500
1021 0.397200
1022 0.397000
1023 0.396700
1024 0.396500
1025 0.396200
1026 0.396000
1027 0.395700
1028 0.395500
1029 0.395200
1030 0.395000
1031 0.394800
1032 0.394500
1033 0.394300
1034 0.394000
1035 0.393800
1036 0.393500
1037 0.393300
1038 0.393100
1039 0.392800
1040 0.392600
1041 0.392300
1042 0.392100
1043 0.391800
1044 0.391600
1045 0.391400
1046 0.391100
1047 0.390900
1048 0.390700
1049 0.390400
1050 0.390200
1051 0.389900
1052 0.389700
1053 0.389500
1054 0.389200
1055 0.389000
1056 0.388800
1057 0.388500
1058 0.388300
1059 0.388100
1060 0.387800
1061 0.387600
1062 0.387400
1063 0.387100
1064 0.386900
1065 0.386700
1066 0.386400
1067 0.386200
1068 0.386000
1069 0.385700
1070 0.385500
1071 0.385300
1072 0.385000
1073 0.384800
1074 0.384600
1075 0.384400
1076 0.384100
1077 0.383900
1078 0.383700
1079 0.383400
1080 0.383200
1081 0.383000
1082 0.382800
1083 0.382500
1084 0.382300
1085 0.382100
1086 0.381900
1087 0.381600
1088 0.381400
1089 0.381200
1090 0.381000
1091 0.380700
1092 0.380500
1093 0.380300
1094 0.380100
1095 0.379900
1096 0.379600
1097 0.379400
1098 0.379200
1099 0.379000
1100 0.378800
