340 0.204300
341 0.204300
342 0.204300
343 0.204300
344 0.204300
345 0.204300
346 0.204300
347 0.204300
348 0.204300
349 0.204300
350 0.204300
351 0.204300
352 0.204300
353 0.204300
354 0.204300
355 0.204300
356 0.204300
357 0.204300
358 0.204300
359 0.204300
360 0.204300
361 0.204300
362 0.204300
363 0.204300
364 0.204300
365 0.204300
366 0.204300
367 0.204300
368 0.204300
369 0.204300
370 0.204200
371 0.204200
372 0.204200
373 0.204200
374 0.204200
375 0.204200
376 0.204100
377 0.204100
378 0.204000
379 0.203900
380 0.203800
381 0.203600
382 0.203300
383 0.202900
384 0.202400
385 0.201900
386 0.201400
387 0.201000
388 0.200500
389 0.200000
390 0.199500
391 0.199100
392 0.198600
393 0.198100
394 0.197700
395 0.197200
396 0.196700
397 0.196200
398 0.195800
399 0.195300
400 0.194800
401 0.194400
402 0.193900
403 0.193400
404 0.192800
405 0.192300
406 0.191700
407 0.191100
408 0.190500
409 0.189900
410 0.189300
411 0.188700
412 0.188200
413 0.187700
414 0.187200
415 0.186700
416 0.186300
417 0.186000
418 0.185700
419 0.185400
420 0.185200
421 0.184900
422 0.184700
423 0.184500
424 0.184300
425 0.184100
426 0.183800
427 0.183600
428 0.183400
429 0.183100
430 0.182900
431 0.182700
432 0.182500
433 0.182300
434 0.182200
435 0.182100
436 0.182300
437 0.182400
438 0.182800
439 0.183300
440 0.183800
441 0.184600
442 0.185400
443 0.186300
444 0.187400
445 0.188400
446 0.189600
447 0.190800
448 0.192000
449 0.193200
450 0.194300
451 0.195300
452 0.196400
453 0.197300
454 0.198100
455 0.198900
456 0.199600
457 0.200200
458 0.200800
459 0.201300
460 0.201800
461 0.202300
462 0.202700
463 0.203200
464 0.203600
465 0.204000
466 0.204400
467 0.204800
468 0.205200
469 0.205600
470 0.206000
471 0.206400
472 0.206800
473 0.207200
474 0.207500
475 0.207800
476 0.208100
477 0.208400
478 0.208700
479 0.208900
480 0.209100
481 0.209300
482 0.209500
483 0.209600
484 0.209700
485 0.209800
486 0.209900
487 0.210000
488 0.210100
489 0.210100
490 0.210200
491 0.210400
492 0.210500
493 0.210600
494 0.210800
495 0.211000
496 0.211300
497 0.211600
498 0.212000
499 0.212400
500 0.212800
501 0.213200
502 0.213700
503 0.214200
504 0.214700
505 0.215200
506 0.215800
507 0.216400
508 0.217000
509 0.217600
510 0.218200
511 0.218800
512 0.219400
513 0.220000
514 0.220500
515 0.221100
516 0.221600
517 0.222100
518 0.222600
519 0.223000
520 0.223500
521 0.223900
522 0.224300
523 0.224600
524 0.224900
525 0.225200
526 0.225500
527 0.225700
528 0.226000
529 0.226200
530 0.226300
531 0.226500
532 0.226600
533 0.226700
534 0.226800
535 0.226900
536 0.227000
537 0.227000
538 0.227100
539 0.227100
540 0.227100
541 0.227100
542 0.227100
543 0.227100
544 0.227100
545 0.227100
546 0.227100
547 0.227000
548 0.227000
549 0.226900
550 0.226900
551 0.226800
552 0.226700
553 0.226700
554 0.226600
555 0.226500
556 0.226400
557 0.226300
558 0.226200
559 0.226000
560 0.225900
561 0.225800
562 0.225600
563 0.225500
564 0.225300
565 0.225200
566 0.225000
567 0.224800
568 0.224700
569 0.224500
570 0.224300
571 0.224100
572 0.223900
573 0.223700
574 0.223500
575 0.223400
576 0.223200
577 0.223000
578 0.222800
579 0.222600
580 0.222400
581 0.222200
582 0.222100
583 0.221900
584 0.221700
585 0.221600
586 0.221400
587 0.221300
588 0.221100
589 0.221000
590 0.220800
591 0.220700
592 0.220500
593 0.220400
594 0.220200
595 0.220100
596 0.219900
597 0.219800
598 0.219600
599 0.219400
600 0.219200
601 0.219000
602 0.218800
603 0.218600
604 0.218300
605 0.218100
606 0.217800
607 0.217500
608 0.217200
609 0.216900
610 0.216500
611 0.216200
612 0.215900
613 0.215600
614 0.215300
615 0.214900
616 0.214600
617 0.214400
618 0.214100
619 0.213800
620 0.213600
621 0.213300
622 0.213100
623 0.212900
624 0.212700
625 0.212500
626 0.212300
627 0.212200
628 0.212100
629 0.212100
630 0.212100
631 0.212200
632 0.212200
633 0.212300
634 0.212400
635 0.212600
636 0.212800
637 0.213100
638 0.213300
639 0.213700
640 0.214000
641 0.214400
642 0.214800
643 0.215200
644 0.215700
645 0.216100
646 0.216600
647 0.217000
648 0.217400
649 0.217700
650 0.218000
651 0.218300
652 0.218500
653 0.218600
654 0.218700
655 0.218800
656 0.218600
657 0.218500
658 0.218200
659 0.217900
660 0.217500
661 0.217000
662 0.216500
663 0.216000
664 0.215400
665 0.214800
666 0.214200
667 0.213500
668 0.212900
669 0.212300
670 0.211700
671 0.211300
672 0.210800
673 0.210400
674 0.210100
675 0.209800
676 0.209700
677 0.209600
678 0.209700
679 0.210000
680 0.210200
681 0.210800
682 0.211300
683 0.212000
684 0.212900
685 0.213700
686 0.214800
687 0.215900
688 0.217000
689 0.218100
690 0.219200
691 0.220200
692 0.221300
693 0.222200
694 0.223200
695 0.224100
696 0.224900
697 0.225600
698 0.226300
699 0.226900
700 0.227500
701 0.228000
702 0.228500
703 0.228900
704 0.229200
705 0.229600
706 0.229900
707 0.230200
708 0.230400
709 0.230600
710 0.230900
711 0.231000
712 0.231200
713 0.231400
714 0.231500
715 0.231700
716 0.231800
717 0.231900
718 0.232000
719 0.232100
720 0.232200
721 0.232200
722 0.232300
723 0.232400
724 0.232400
725 0.232500
726 0.232500
727 0.232600
728 0.232600
729 0.232600
730 0.232700
731 0.232700
732 0.232700
733 0.232700
734 0.232800
735 0.232800
736 0.232800
737 0.232800
738 0.232800
739 0.232800
740 0.232900
741 0.232900
742 0.232900
743 0.232900
744 0.232900
745 0.232900
746 0.232900
747 0.232900
748 0.232900
749 0.232900
750 0.232900
751 0.232900
752 0.233000
753 0.233000
754 0.233000
755 0.233000
756 0.233000
757 0.233000
758 0.233000
759 0.233000
760 0.233000
761 0.233000
762 0.233000
763 0.233000
764 0.233000
765 0.233000
766 0.233000
767 0.233000
768 0.233000
769 0.233000
770 0.233000
771 0.233000
772 0.233000
773 0.233000
774 0.233000
775 0.233000
776 0.233000
777 0.233000
778 0.233000
779 0.233000
780 0.233000
781 0.233000
782 0.233000
783 0.233000
784 0.233000
785 0.233000
786 0.233000
787 0.233000
788 0.233000
789 0.233000
790 0.233000
791 0.233000
792 0.233000
793 0.233000
794 0.233000
795 0.233000
796 0.233000
797 0.233000
798 0.233000
799 0.233000
800 0.233000
801 0.233000
802 0.233000
803 0.233000
804 0.233000
805 0.233000
806 0.233000
807 0.233000
808 0.233000
809 0.233000
810 0.233000
811 0.233000
812 0.233000
813 0.233000
814 0.233000
815 0.233000
816 0.233000
817 0.233000
818 0.233000
819 0.233000
820 0.233000
821 0.233000
822 0.233000
823 0.233000
824 0.233000
825 0.233000
826 0.233000
827 0.233000
828 0.233000
829 0.233000
830 0.233000
831 0.233000
832 0.233000
833 0.233000
834 0.233000
835 0.233000
836 0.233000
837 0.233000
838 0.233000
839 0.233000
840 0.233000
841 0.233000
842 0.233000
843 0.233000
844 0.233000
845 0.233000
846 0.233000
847 0.233000
848 0.233000
849 0.233000
850 0.233000
851 0.233000
852 0.233000
853 0.233000
854 0.233000
855 0.233000
856 0.233000
857 0.233000
858 0.233000
859 0.233000
860 0.233000
861 0.233000
862 0.233000
863 0.233000
864 0.233000
865 0.233000
866 0.233000
867 0.233000
868 0.233000
869 0.233000
870 0.233000
871 0.233000
872 0.233000
873 0.233000
874 0.233000
875 0.233000
876 0.233000
877 0.233000
878 0.233000
879 0.233000
880 0.233000
881 0.233000
882 0.233000
883 0.233000
884 0.233000
885 0.233000
886 0.233000
887 0.233000
888 0.233000
889 0.233000
890 0.233000
891 0.233000
892 0.233000
893 0.233000
894 0.233000
895 0.233000
896 0.233000
897 0.233000
898 0.233000
899 0.233000
900 0.233000
901 0.233000
902 0.233000
903 0.233000
904 0.233000
905 0.233000
906 0.233000
907 0.233000
908 0.233000
909 0.233000
910 0.233000
911 0.233000
912 0.233000
913 0.233000
914 0.233000
915 0.233000
916 0.233000
917 0.233000
918 0.233000
919 0.233000
920 0.233000
921 0.233000
922 0.233000
923 0.233000
924 0.233000
925 0.233000
926 0.233000
927 0.233000
928 0.233000
929 0.233000
930 0.233000
931 0.233000
932 0.233000
933 0.233000
934 0.233000
935 0.233000
936 0.233000
937 0.233000
938 0.233000
939 0.233000
940 0.233000
941 0.233000
942 0.233000
943 0.233000
944 0.233000
945 0.233000
946 0.233000
947 0.233000
948 0.233000
949 0.233000
950 0.233000
951 0.233000
952 0.233000
953 0.233000
954 0.233000
955 0.233000
956 0.233000
957 0.233000
958 0.233000
959 0.233000
960 0.233000
961 0.233000
962 0.233000
963 0.233000
964 0.233000
965 0.233000
966 0.233000
967 0.233000
968 0.233000
969 0.233000
970 0.233000
971 0.233000
972 0.233000
973 0.233000
974 0.233000
975 0.233000
976 0.233000
977 0.233000
978 0.233000
979 0.233000
980 0.233000
981 0.233000
982 0.233000
983 0.233000
984 0.233000
985 0.233000
986 0.233000
987 0.233000
988 0.233000
989 0.233000
990 0.233000
991 0.233000
992 0.233000
993 0.233000
994 0.233000
995 0.233000
996 0.233000
997 0.233000
998 0.233000
999 0.233000
1000 0.233000
1001 0.233000
1002 0.233000
1003 0.233000
1004 0.233000
1005 0.233000
1006 0.233000
1007 0.233000
1008 0.233000
1009 0.233000
1010 0.233000
1011 0.233000
1012 0.233000
1013 0.233000
1014 0.233000
1015 0.233000
1016 0.233000
1017 0.233000
1018 0.233000
1019 0.233000
1020 0.233000
1021 0.233000
1022 0.233000
1023 0.233000
1024 0.233000
1025 0.233000
1026 0.233000
1027 0.233000
1028 0.233000
1029 0.233000
1030 0.233000
1031 0.233000
1032 0.233000
1033 0.233000
1034 0.233000
1035 0.233000
1036 0.233000
1037 0.233000
1038 0.233000
1039 0.233000
1040 0.233000
1041 0.233000
1042 0.233000
1043 0.233000
1044 0.233000
1045 0.233000
1046 0.233000
1047 0.233000
1048 0.233000
1049 0.233000
1050 0.233000
1051 0.233000
1052 0.233000
1053 0.233000
1054 0.233000
1055 0.233000
1056 0.233000
1057 0.233000
1058 0.233000
1059 0.233000
1060 0.233000
1061 0.233000
1062 0.233000
1063 0.233000
1064 0.233000
1065 0.233000
1066 0.233000
1067 0.233000
1068 0.233000
1069 0.233000
1070 0.233000
1071 0.233000
1072 0.233000
1073 0.233000
1074 0.233000
1075 0.233000
1076 0.233000
1077 0.233000
1078 0.233000
1079 0.233000
1080 0.233000
1081 0.233000
1082 0.233000
1083 0.233000
1084 0.233000
1085 0.233000
1086 0.233000
1087 0.233000
1088 0.233000
1089 0.233000
1090 0.233000
1091 0.233000
1092 0.233000
1093 0.233000
1094 0.233000
1095 0.233000
1096 0.233000
1097 0.233000
1098 0.233000
1099 0.233000
1100 0.233000
