340 0.214700
341 0.214200
342 0.213600
343 0.213000
344 0.212500
345 0.211900
346 0.211300
347 0.210700
348 0.210100
349 0.209500
350 0.208900
351 0.208300
352 0.207700
353 0.207000
354 0.206200
355 0.205500
356 0.204700
357 0.204000
358 0.203200
359 0.202500
360 0.201700
361 0.201000
362 0.200300
363 0.199600
364 0.198900
365 0.198200
366 0.197500
367 0.196900
368 0.196200
369 0.195600
370 0.194900
371 0.194300
372 0.193600
373 0.192900
374 0.192300
375 0.191600
376 0.191000
377 0.190300
378 0.189700
379 0.189000
380 0.188400
381 0.187700
382 0.187100
383 0.186400
384 0.185800
385 0.185100
386 0.184500
387 0.183800
388 0.183100
389 0.182400
390 0.181800
391 0.181000
392 0.180200
393 0.179500
394 0.178700
395 0.177900
396 0.177100
397 0.176200
398 0.175400
399 0.174500
400 0.173700
401 0.172700
402 0.171700
403 0.170600
404 0.169500
405 0.168400
406 0.167300
407 0.166200
408 0.165100
409 0.163900
410 0.162800
411 0.161700
412 0.160600
413 0.159600
414 0.158600
415 0.157700
416 0.156800
417 0.155900
418 0.155000
419 0.154200
420 0.153400
421 0.152700
422 0.152100
423 0.151500
424 0.151000
425 0.150300
426 0.149700
427 0.149100
428 0.148500
429 0.148100
430 0.147600
431 0.147200
432 0.146700
433 0.146200
434 0.145600
435 0.145100
436 0.144700
437 0.144400
438 0.144200
439 0.144100
440 0.144000
441 0.144300
442 0.144600
443 0.145000
444 0.145400
445 0.145800
446 0.146100
447 0.146400
448 0.146500
449 0.146600
450 0.146500
451 0.146500
452 0.146300
453 0.146300
454 0.146300
455 0.146300
456 0.146200
457 0.146200
458 0.146200
459 0.146200
460 0.146200
461 0.146200
462 0.146300
463 0.146500
464 0.146800
465 0.147200
466 0.147600
467 0.148100
468 0.148700
469 0.149200
470 0.149800
471 0.150500
472 0.151100
473 0.151600
474 0.152100
475 0.152500
476 0.152700
477 0.152900
478 0.153100
479 0.153200
480 0.153300
481 0.153500
482 0.153700
483 0.154000
484 0.154300
485 0.154700
486 0.155000
487 0.155400
488 0.155700
489 0.156100
490 0.156500
491 0.156800
492 0.157100
493 0.157400
494 0.157800
495 0.158200
496 0.158700
497 0.159200
498 0.159700
499 0.160100
500 0.160500
501 0.160900
502 0.161200
503 0.161600
504 0.161900
505 0.162200
506 0.162600
507 0.163000
508 0.163400
509 0.163700
510 0.164100
511 0.164300
512 0.164500
513 0.164600
514 0.164700
515 0.164800
516 0.164800
517 0.164900
518 0.164900
519 0.164900
520 0.164900
521 0.165000
522 0.165100
523 0.165100
524 0.165200
525 0.165100
526 0.165100
527 0.164900
528 0.164800
529 0.164700
530 0.164500
531 0.164400
532 0.164400
533 0.164300
534 0.164200
535 0.164100
536 0.163900
537 0.163700
538 0.163500
539 0.163200
540 0.163000
541 0.162700
542 0.162400
543 0.162100
544 0.161800
545 0.161500
546 0.161200
547 0.161000
548 0.160700
549 0.160600
550 0.160500
551 0.160400
552 0.160400
553 0.160400
554 0.160400
555 0.160400
556 0.160300
557 0.160300
558 0.160200
559 0.160000
560 0.159900
561 0.159800
562 0.159600
563 0.159600
564 0.159500
565 0.159700
566 0.159800
567 0.159800
568 0.159700
569 0.159500
570 0.159200
571 0.158800
572 0.158300
573 0.157800
574 0.157300
575 0.156800
576 0.156500
577 0.156200
578 0.155900
579 0.155700
580 0.155500
581 0.155200
582 0.155000
583 0.154700
584 0.154400
585 0.154100
586 0.153900
587 0.153600
588 0.153400
589 0.153100
590 0.152900
591 0.152600
592 0.152400
593 0.152200
594 0.152000
595 0.151800
596 0.151700
597 0.151500
598 0.151400
599 0.151200
600 0.150900
601 0.150600
602 0.150200
603 0.149800
604 0.149400
605 0.149000
606 0.148700
607 0.148400
608 0.148100
609 0.147800
610 0.147600
611 0.147300
612 0.147000
613 0.146700
614 0.146400
615 0.146100
616 0.145800
617 0.145500
618 0.145200
619 0.144900
620 0.144600
621 0.144300
622 0.143900
623 0.143500
624 0.143100
625 0.142800
626 0.142500
627 0.142300
628 0.142000
629 0.141800
630 0.141600
631 0.141400
632 0.141200
633 0.140900
634 0.140800
635 0.140700
636 0.140700
637 0.140700
638 0.140800
639 0.140800
640 0.140900
641 0.141000
642 0.141000
643 0.141000
644 0.141000
645 0.140900
646 0.140800
647 0.140600
648 0.140500
649 0.140300
650 0.140100
651 0.139800
652 0.139600
653 0.139300
654 0.139000
655 0.138600
656 0.138200
657 0.137600
658 0.137100
659 0.136400
660 0.135800
661 0.135100
662 0.134400
663 0.133600
664 0.132900
665 0.132000
666 0.131100
667 0.130400
668 0.129800
669 0.129500
670 0.129300
671 0.129300
672 0.129300
673 0.129500
674 0.129600
675 0.130000
676 0.130500
677 0.131100
678 0.131800
679 0.132700
680 0.133600
681 0.134700
682 0.135700
683 0.136900
684 0.138100
685 0.139300
686 0.140400
687 0.141400
688 0.142400
689 0.143100
690 0.143800
691 0.144200
692 0.144500
693 0.144600
694 0.144700
695 0.144800
696 0.144900
697 0.144900
698 0.144900
699 0.144700
700 0.144600
701 0.144400
702 0.144300
703 0.144100
704 0.144000
705 0.143800
706 0.143700
707 0.143500
708 0.143200
709 0.142900
710 0.142600
711 0.142400
712 0.142100
713 0.141900
714 0.141600
715 0.141400
716 0.141200
717 0.141000
718 0.140700
719 0.140500
720 0.140300
721 0.140100
722 0.140000
723 0.139800
724 0.139700
725 0.139600
726 0.139400
727 0.139300
728 0.139200
729 0.139100
730 0.139000
731 0.138800
732 0.138700
733 0.138600
734 0.138400
735 0.138300
736 0.138200
737 0.138100
738 0.138000
739 0.137900
740 0.137800
741 0.137700
742 0.137600
743 0.137500
744 0.137400
745 0.137200
746 0.137100
747 0.137000
748 0.136900
749 0.136800
750 0.136600
751 0.136500
752 0.136400
753 0.136300
754 0.136100
755 0.136000
756 0.135900
757 0.135800
758 0.135700
759 0.135500
760 0.135400
761 0.135300
762 0.135200
763 0.135000
764 0.134900
765 0.134800
766 0.134700
767 0.134500
768 0.134400
769 0.134300
770 0.134200
771 0.134100
772 0.133900
773 0.133800
774 0.133700
775 0.133600
776 0.133400
777 0.133300
778 0.133200
779 0.133100
780 0.132900
781 0.132800
782 0.132700
783 0.132600
784 0.132500
785 0.132300
786 0.132200
787 0.132100
788 0.132000
789 0.131900
790 0.131700
791 0.131600
792 0.131500
793 0.131400
794 0.131200
795 0.131100
796 0.131000
797 0.130900
798 0.130800
799 0.130600
800 0.130500
801 0.130400
802 0.130300
803 0.130200
804 0.130100
805 0.129900
806 0.129800
807 0.129700
808 0.129600
809 0.129500
810 0.129300
811 0.129200
812 0.129100
813 0.129000
814 0.128900
815 0.128800
816 0.128600
817 0.128500
818 0.128400
819 0.128300
820 0.128200
821 0.128100
822 0.127900
823 0.127800
824 0.127700
825 0.127600
826 0.127500
827 0.127400
828 0.127200
829 0.127100
830 0.127000
831 0.126900
832 0.126800
833 0.126700
834 0.126600
835 0.126500
836 0.126300
837 0.126200
838 0.126100
839 0.126000
840 0.125900
841 0.125800
842 0.125700
843 0.125600
844 0.125400
845 0.125300
846 0.125200
847 0.125100
848 0.125000
849 0.124900
850 0.124800
851 0.124700
852 0.124600
853 0.124400
854 0.124300
855 0.124200
856 0.124100
857 0.124000
858 0.123900
859 0.123800
860 0.123700
861 0.123600
862 0.123500
863 0.123400
864 0.123200
865 0.123100
866 0.123000
867 0.122900
868 0.122800
869 0.122700
870 0.122600
871 0.122500
872 0.122400
873 0.122300
874 0.122200
875 0.122100
876 0.122000
877 0.121900
878 0.121800
879 0.121700
880 0.121600
881 0.121400
882 0.121300
883 0.121200
884 0.121100
885 0.121000
886 0.120900
887 0.120800
888 0.120700
889 0.120600
890 0.120500
891 0.120400
892 0.120300
893 0.120200
894 0.120100
895 0.120000
896 0.119900
897 0.119800
898 0.119700
899 0.119600
900 0.119500
901 0.119400
902 0.119300
903 0.119200
904 0.119100
905 0.119000
906 0.118900
907 0.118800
908 0.118700
909 0.118600
910 0.118500
911 0.118400
912 0.118300
913 0.118200
914 0.118100
915 0.118000
916 0.117900
917 0.117800
918 0.117700
919 0.117600
920 0.117500
921 0.117400
922 0.117300
923 0.117200
924 0.117100
925 0.117000
926 0.116900
927 0.116800
928 0.116800
929 0.116700
930 0.116600
931 0.116500
932 0.116400
933 0.116300
934 0.116200
935 0.116100
936 0.116000
937 0.115900
938 0.115800
939 0.115700
940 0.115600
941 0.115500
942 0.115400
943 0.115300
944 0.115200
945 0.115200
946 0.115100
947 0.115000
948 0.114900
949 0.114800
950 0.114700
951 0.114600
952 0.114500
953 0.114400
954 0.114300
955 0.114200
956 0.114100
957 0.114100
958 0.114000
959 0.113900
960 0.113800
961 0.113700
962 0.113600
963 0.113500
964 0.113400
965 0.113300
966 0.113200
967 0.113200
968 0.113100
969 0.113000
970 0.112900
971 0.112800
972 0.112700
973 0.112600
974 0.112500
975 0.112500
976 0.112400
977 0.112300
978 0.112200
979 0.112100
980 0.112000
981 0.111900
982 0.111800
983 0.111800
984 0.111700
985 0.111600
986 0.111500
987 0.111400
988 0.111300
989 0.111200
990 0.111200
991 0.111100
992 0.111000
993 0.110900
994 0.110800
995 0.110700
996 0.110600
997 0.110600
998 0.110500
999 0.110400
1000 0.110300
1001 0.110200
1002 0.110100
1003 0.110100
1004 0.110000
1005 0.109900
1006 0.109800
1007 0.109700
1008 0.109600
1009 0.109600
1010 0.109500
1011 0.109400
1012 0.109300
1013 0.109200
1014 0.109100
1015 0.109100
1016 0.109000
1017 0.108900
1018 0.108800
1019 0.108700
1020 0.108700
1021 0.108600
1022 0.108500
1023 0.108400
1024 0.108300
1025 0.108300
1026 0.108200
1027 0.108100
1028 0.108000
1029 0.107900
1030 0.107900
1031 0.107800
1032 0.107700
1033 0.107600
1034 0.107500
1035 0.107500
1036 0.107400
1037 0.107300
1038 0.107200
1039 0.107100
1040 0.107100
1041 0.107000
1042 0.106900
1043 0.106800
1044 0.106800
1045 0.106700
1046 0.106600
1047 0.106500
1048 0.106400
1049 0.106400
1050 0.106300
1051 0.106200
1052 0.106100
1053 0.106100
1054 0.106000
1055 0.105900
1056 0.105800
1057 0.105800
1058 0.105700
1059 0.105600
1060 0.105500
1061 0.105400
1062 0.105400
1063 0.105300
1064 0.105200
1065 0.105100
1066 0.105100
1067 0.105000
1068 0.104900
1069 0.104800
1070 0.104800
1071 0.104700
1072 0.104600
1073 0.104500
1074 0.104500
1075 0.104400
1076 0.104300
1077 0.104300
1078 0.104200
1079 0.104100
1080 0.104000
1081 0.104000
1082 0.103900
1083 0.103800
1084 0.103700
1085 0.103700
1086 0.103600
1087 0.103500
1088 0.103400
1089 0.103400
1090 0.103300
1091 0.103200
1092 0.103200
1093 0.103100
1094 0.103000
1095 0.102900
1096 0.102900
1097 0.102800
1098 0.102700
1099 0.102700
1100 0.102600
