340 0.202300
341 0.202300
342 0.202300
343 0.202300
344 0.202300
345 0.202300
346 0.202300
347 0.202300
348 0.202300
349 0.202300
350 0.202300
351 0.202300
352 0.202300
353 0.202300
354 0.202300
355 0.202300
356 0.202300
357 0.202300
358 0.202300
359 0.202300
360 0.202300
361 0.202300
362 0.202300
363 0.202300
364 0.202300
365 0.202300
366 0.202300
367 0.202300
368 0.202300
369 0.202300
370 0.202300
371 0.202300
372 0.202300
373 0.202300
374 0.202300
375 0.202300
376 0.202300
377 0.202200
378 0.202200
379 0.202200
380 0.202100
381 0.202100
382 0.202000
383 0.201800
384 0.201600
385 0.201400
386 0.201200
387 0.201100
388 0.200900
389 0.200700
390 0.200500
391 0.200300
392 0.200200
393 0.200000
394 0.199800
395 0.199600
396 0.199400
397 0.199300
398 0.199100
399 0.198900
400 0.198700
401 0.198500
402 0.198400
403 0.198200
404 0.197900
405 0.197700
406 0.197500
407 0.197300
408 0.197000
409 0.196800
410 0.196600
411 0.196500
412 0.196300
413 0.196100
414 0.195900
415 0.195800
416 0.195700
417 0.195600
418 0.195500
419 0.195400
420 0.195300
421 0.195200
422 0.195100
423 0.195000
424 0.194900
425 0.194800
426 0.194700
427 0.194600
428 0.194500
429 0.194400
430 0.194200
431 0.194100
432 0.194100
433 0.194000
434 0.193900
435 0.193900
436 0.193900
437 0.193900
438 0.194000
439 0.194100
440 0.194200
441 0.194400
442 0.194600
443 0.194900
444 0.195100
445 0.195400
446 0.195700
447 0.196000
448 0.196400
449 0.196700
450 0.197000
451 0.197300
452 0.197600
453 0.197900
454 0.198100
455 0.198300
456 0.198400
457 0.198600
458 0.198700
459 0.198800
460 0.198800
461 0.198900
462 0.198900
463 0.198900
464 0.198900
465 0.198900
466 0.198900
467 0.198900
468 0.198800
469 0.198800
470 0.198800
471 0.198800
472 0.198800
473 0.198800
474 0.198800
475 0.198800
476 0.198900
477 0.198900
478 0.199000
479 0.199000
480 0.199100
481 0.199200
482 0.199300
483 0.199400
484 0.199500
485 0.199600
486 0.199800
487 0.199900
488 0.200100
489 0.200400
490 0.200700
491 0.201000
492 0.201300
493 0.201600
494 0.202000
495 0.202400
496 0.202900
497 0.203400
498 0.203900
499 0.204500
500 0.205000
501 0.205600
502 0.206100
503 0.206700
504 0.207300
505 0.207900
506 0.208500
507 0.209100
508 0.209700
509 0.210300
510 0.210800
511 0.211400
512 0.211900
513 0.212400
514 0.212900
515 0.213400
516 0.213800
517 0.214200
518 0.214600
519 0.215000
520 0.215300
521 0.215600
522 0.215900
523 0.216200
524 0.216400
525 0.216600
526 0.216800
527 0.217000
528 0.217100
529 0.217200
530 0.217400
531 0.217500
532 0.217600
533 0.217600
534 0.217700
535 0.217800
536 0.217800
537 0.217800
538 0.217900
539 0.217900
540 0.217900
541 0.218000
542 0.218000
543 0.218000
544 0.218000
545 0.218000
546 0.218000
547 0.218000
548 0.218000
549 0.218000
550 0.218000
551 0.218000
552 0.218000
553 0.218000
554 0.218000
555 0.218000
556 0.218000
557 0.217900
558 0.217900
559 0.217800
560 0.217800
561 0.217700
562 0.217700
563 0.217600
564 0.217500
565 0.217400
566 0.217300
567 0.217200
568 0.217100
569 0.217000
570 0.216900
571 0.216800
572 0.216700
573 0.216600
574 0.216500
575 0.216400
576 0.216200
577 0.216100
578 0.216000
579 0.215900
580 0.215800
581 0.215700
582 0.215600
583 0.215500
584 0.215400
585 0.215300
586 0.215200
587 0.215200
588 0.215100
589 0.215000
590 0.214900
591 0.214800
592 0.214700
593 0.214700
594 0.214600
595 0.214500
596 0.214400
597 0.214400
598 0.214300
599 0.214200
600 0.214200
601 0.214100
602 0.214000
603 0.214000
604 0.213900
605 0.213800
606 0.213700
607 0.213600
608 0.213500
609 0.213400
610 0.213300
611 0.213200
612 0.213100
613 0.213000
614 0.212900
615 0.212800
616 0.212700
617 0.212600
618 0.212500
619 0.212400
620 0.212300
621 0.212300
622 0.212200
623 0.212100
624 0.212100
625 0.212000
626 0.212000
627 0.212000
628 0.211900
629 0.211900
630 0.211900
631 0.211800
632 0.211800
633 0.211700
634 0.211600
635 0.211600
636 0.211400
637 0.211300
638 0.211100
639 0.210900
640 0.210700
641 0.210400
642 0.210100
643 0.209700
644 0.209400
645 0.209000
646 0.208600
647 0.208300
648 0.207900
649 0.207600
650 0.207300
651 0.207000
652 0.206700
653 0.206400
654 0.206200
655 0.205900
656 0.205600
657 0.205400
658 0.205000
659 0.204700
660 0.204300
661 0.203800
662 0.203400
663 0.202900
664 0.202400
665 0.201900
666 0.201500
667 0.201000
668 0.200600
669 0.200200
670 0.199800
671 0.199600
672 0.199300
673 0.199200
674 0.199100
675 0.199000
676 0.199000
677 0.199100
678 0.199300
679 0.199500
680 0.199800
681 0.200300
682 0.200800
683 0.201400
684 0.202100
685 0.202900
686 0.203900
687 0.204800
688 0.205900
689 0.207000
690 0.208000
691 0.209000
692 0.210100
693 0.211000
694 0.211900
695 0.212900
696 0.213700
697 0.214400
698 0.215100
699 0.215700
700 0.216300
701 0.216900
702 0.217400
703 0.217800
704 0.218200
705 0.218600
706 0.218900
707 0.219200
708 0.219500
709 0.219800
710 0.220000
711 0.220200
712 0.220400
713 0.220600
714 0.220700
715 0.220900
716 0.221000
717 0.221100
718 0.221200
719 0.221300
720 0.221400
721 0.221500
722 0.221600
723 0.221600
724 0.221700
725 0.221700
726 0.221800
727 0.221800
728 0.221900
729 0.221900
730 0.222000
731 0.222000
732 0.222000
733 0.222000
734 0.222100
735 0.222100
736 0.222100
737 0.222100
738 0.222100
739 0.222200
740 0.222200
741 0.222200
742 0.222200
743 0.222200
744 0.222200
745 0.222200
746 0.222200
747 0.222200
748 0.222300
749 0.222300
750 0.222300
751 0.222300
752 0.222300
753 0.222300
754 0.222300
755 0.222300
756 0.222300
757 0.222300
758 0.222300
759 0.222300
760 0.222300
761 0.222300
762 0.222300
763 0.222300
764 0.222300
765 0.222300
766 0.222300
767 0.222300
768 0.222300
769 0.222300
770 0.222300
771 0.222300
772 0.222300
773 0.222300
774 0.222300
775 0.222300
776 0.222300
777 0.222300
778 0.222300
779 0.222300
780 0.222300
781 0.222300
782 0.222300
783 0.222300
784 0.222300
785 0.222300
786 0.222300
787 0.222300
788 0.222300
789 0.222300
790 0.222300
791 0.222300
792 0.222300
793 0.222300
794 0.222300
795 0.222300
796 0.222300
797 0.222300
798 0.222300
799 0.222300
800 0.222300
801 0.222300
802 0.222300
803 0.222300
804 0.222300
805 0.222300
806 0.222300
807 0.222300
808 0.222300
809 0.222300
810 0.222300
811 0.222300
812 0.222300
813 0.222300
814 0.222300
815 0.222300
816 0.222300
817 0.222300
818 0.222300
819 0.222300
820 0.222300
821 0.222300
822 0.222300
823 0.222300
824 0.222300
825 0.222300
826 0.222300
827 0.222300
828 0.222300
829 0.222300
830 0.222300
831 0.222300
832 0.222300
833 0.222300
834 0.222300
835 0.222300
836 0.222300
837 0.222300
838 0.222300
839 0.222300
840 0.222300
841 0.222300
842 0.222300
843 0.222300
844 0.222300
845 0.222300
846 0.222300
847 0.222300
848 0.222300
849 0.222300
850 0.222300
851 0.222300
852 0.222300
853 0.222300
854 0.222300
855 0.222300
856 0.222300
857 0.222300
858 0.222300
859 0.222300
860 0.222300
861 0.222300
862 0.222300
863 0.222300
864 0.222300
865 0.222300
866 0.222300
867 0.222300
868 0.222300
869 0.222300
870 0.222300
871 0.222300
872 0.222300
873 0.222300
874 0.222300
875 0.222300
876 0.222300
877 0.222300
878 0.222300
879 0.222300
880 0.222300
881 0.222300
882 0.222300
883 0.222300
884 0.222300
885 0.222300
886 0.222300
887 0.222300
888 0.222300
889 0.222300
890 0.222300
891 0.222300
892 0.222300
893 0.222300
894 0.222300
895 0.222300
896 0.222300
897 0.222300
898 0.222300
899 0.222300
900 0.222300
901 0.222300
902 0.222300
903 0.222300
904 0.222300
905 0.222300
906 0.222300
907 0.222300
908 0.222300
909 0.222300
910 0.222300
911 0.222300
912 0.222300
913 0.222300
914 0.222300
915 0.222300
916 0.222300
917 0.222300
918 0.222300
919 0.222300
920 0.222300
921 0.222300
922 0.222300
923 0.222300
924 0.222300
925 0.222300
926 0.222300
927 0.222300
928 0.222300
929 0.222300
930 0.222300
931 0.222300
932 0.222300
933 0.222300
934 0.222300
935 0.222300
936 0.222300
937 0.222300
938 0.222300
939 0.222300
940 0.222300
941 0.222300
942 0.222300
943 0.222300
944 0.222300
945 0.222300
946 0.222300
947 0.222300
948 0.222300
949 0.222300
950 0.222300
951 0.222300
952 0.222300
953 0.222300
954 0.222300
955 0.222300
956 0.222300
957 0.222300
958 0.222300
959 0.222300
960 0.222300
961 0.222300
962 0.222300
963 0.222300
964 0.222300
965 0.222300
966 0.222300
967 0.222300
968 0.222300
969 0.222300
970 0.222300
971 0.222300
972 0.222300
973 0.222300
974 0.222300
975 0.222300
976 0.222300
977 0.222300
978 0.222300
979 0.222300
980 0.222300
981 0.222300
982 0.222300
983 0.222300
984 0.222300
985 0.222300
986 0.222300
987 0.222300
988 0.222300
989 0.222300
990 0.222300
991 0.222300
992 0.222300
993 0.222300
994 0.222300
995 0.222300
996 0.222300
997 0.222300
998 0.222300
999 0.222300
1000 0.222300
1001 0.222300
1002 0.222300
1003 0.222300
1004 0.222300
1005 0.222300
1006 0.222300
1007 0.222300
1008 0.222300
1009 0.222300
1010 0.222300
1011 0.222300
1012 0.222300
1013 0.222300
1014 0.222300
1015 0.222300
1016 0.222300
1017 0.222300
1018 0.222300
1019 0.222300
1020 0.222300
1021 0.222300
1022 0.222300
1023 0.222300
1024 0.222300
1025 0.222300
1026 0.222300
1027 0.222300
1028 0.222300
1029 0.222300
1030 0.222300
1031 0.222300
1032 0.222300
1033 0.222300
1034 0.222300
1035 0.222300
1036 0.222300
1037 0.222300
1038 0.222300
1039 0.222300
1040 0.222300
1041 0.222300
1042 0.222300
1043 0.222300
1044 0.222300
1045 0.222300
1046 0.222300
1047 0.222300
1048 0.222300
1049 0.222300
1050 0.222300
1051 0.222300
1052 0.222300
1053 0.222300
1054 0.222300
1055 0.222300
1056 0.222300
1057 0.222300
1058 0.222300
1059 0.222300
1060 0.222300
1061 0.222300
1062 0.222300
1063 0.222300
1064 0.222300
1065 0.222300
1066 0.222300
1067 0.222300
1068 0.222300
1069 0.222300
1070 0.222300
1071 0.222300
1072 0.222300
1073 0.222300
1074 0.222300
1075 0.222300
1076 0.222300
1077 0.222300
1078 0.222300
1079 0.222300
1080 0.222300
1081 0.222300
1082 0.222300
1083 0.222300
1084 0.222300
1085 0.222300
1086 0.222300
1087 0.222300
1088 0.222300
1089 0.222300
1090 0.222300
1091 0.222300
1092 0.222300
1093 0.222300
1094 0.222300
1095 0.222300
1096 0.222300
1097 0.222300
1098 0.222300
1099 0.222300
1100 0.222300
