340 0.172800
341 0.172800
342 0.172800
343 0.172800
344 0.172800
345 0.172800
346 0.172800
347 0.172800
348 0.172800
349 0.172800
350 0.172800
351 0.172800
352 0.172800
353 0.172800
354 0.172800
355 0.172800
356 0.172800
357 0.172800
358 0.172800
359 0.172800
360 0.172800
361 0.172800
362 0.172800
363 0.172800
364 0.172800
365 0.172800
366 0.172800
367 0.172800
368 0.172800
369 0.172800
370 0.172800
371 0.172800
372 0.172800
373 0.172800
374 0.172800
375 0.172800
376 0.172800
377 0.172700
378 0.172700
379 0.172700
380 0.172600
381 0.172500
382 0.172400
383 0.172100
384 0.171900
385 0.171600
386 0.171400
387 0.171200
388 0.170900
389 0.170700
390 0.170500
391 0.170200
392 0.170000
393 0.169800
394 0.169500
395 0.169300
396 0.169000
397 0.168800
398 0.168600
399 0.168300
400 0.168100
401 0.167900
402 0.167600
403 0.167400
404 0.167100
405 0.166800
406 0.166500
407 0.166300
408 0.166000
409 0.165700
410 0.165400
411 0.165200
412 0.165000
413 0.164700
414 0.164500
415 0.164300
416 0.164200
417 0.164000
418 0.163900
419 0.163700
420 0.163600
421 0.163500
422 0.163300
423 0.163200
424 0.163000
425 0.162900
426 0.162700
427 0.162500
428 0.162400
429 0.162200
430 0.162000
431 0.161900
432 0.161700
433 0.161600
434 0.161500
435 0.161400
436 0.161400
437 0.161400
438 0.161500
439 0.161700
440 0.161800
441 0.162100
442 0.162300
443 0.162600
444 0.162900
445 0.163200
446 0.163500
447 0.163800
448 0.164100
449 0.164400
450 0.164700
451 0.164900
452 0.165200
453 0.165300
454 0.165500
455 0.165600
456 0.165700
457 0.165700
458 0.165800
459 0.165900
460 0.165900
461 0.166000
462 0.166000
463 0.166100
464 0.166200
465 0.166300
466 0.166500
467 0.166700
468 0.166900
469 0.167200
470 0.167400
471 0.167700
472 0.168100
473 0.168400
474 0.168800
475 0.169100
476 0.169500
477 0.169800
478 0.170100
479 0.170400
480 0.170700
481 0.170900
482 0.171100
483 0.171300
484 0.171400
485 0.171400
486 0.171400
487 0.171400
488 0.171400
489 0.171400
490 0.171300
491 0.171200
492 0.171200
493 0.171100
494 0.171100
495 0.171100
496 0.171200
497 0.171200
498 0.171400
499 0.171500
500 0.171700
501 0.171900
502 0.172200
503 0.172500
504 0.172800
505 0.173200
506 0.173600
507 0.174000
508 0.174400
509 0.174800
510 0.175200
511 0.175600
512 0.176000
513 0.176400
514 0.176700
515 0.177100
516 0.177400
517 0.177600
518 0.177900
519 0.178000
520 0.178200
521 0.178300
522 0.178400
523 0.178500
524 0.178500
525 0.178500
526 0.178500
527 0.178400
528 0.178400
529 0.178300
530 0.178200
531 0.178100
532 0.178000
533 0.177900
534 0.177800
535 0.177600
536 0.177500
537 0.177400
538 0.177300
539 0.177200
540 0.177100
541 0.177100
542 0.177000
543 0.176900
544 0.176900
545 0.176800
546 0.176800
547 0.176800
548 0.176800
549 0.176800
550 0.176800
551 0.176800
552 0.176800
553 0.176800
554 0.176800
555 0.176800
556 0.176800
557 0.176800
558 0.176800
559 0.176800
560 0.176800
561 0.176900
562 0.176900
563 0.176900
564 0.177000
565 0.177000
566 0.177100
567 0.177200
568 0.177300
569 0.177500
570 0.177600
571 0.177800
572 0.178000
573 0.178300
574 0.178500
575 0.178800
576 0.179100
577 0.179500
578 0.179800
579 0.180200
580 0.180600
581 0.181000
582 0.181400
583 0.181800
584 0.182200
585 0.182600
586 0.183100
587 0.183500
588 0.183900
589 0.184300
590 0.184700
591 0.185000
592 0.185400
593 0.185700
594 0.186100
595 0.186400
596 0.186600
597 0.186900
598 0.187100
599 0.187300
600 0.187500
601 0.187600
602 0.187700
603 0.187800
604 0.187900
605 0.187900
606 0.187900
607 0.187900
608 0.187800
609 0.187700
610 0.187700
611 0.187600
612 0.187500
613 0.187300
614 0.187200
615 0.187100
616 0.186900
617 0.186800
618 0.186700
619 0.186600
620 0.186500
621 0.186300
622 0.186200
623 0.186100
624 0.186000
625 0.185900
626 0.185800
627 0.185800
628 0.185700
629 0.185600
630 0.185600
631 0.185500
632 0.185500
633 0.185500
634 0.185500
635 0.185500
636 0.185500
637 0.185500
638 0.185500
639 0.185600
640 0.185600
641 0.185600
642 0.185700
643 0.185700
644 0.185800
645 0.185800
646 0.185800
647 0.185700
648 0.185600
649 0.185500
650 0.185300
651 0.185100
652 0.184900
653 0.184600
654 0.184100
655 0.183700
656 0.183100
657 0.182500
658 0.181800
659 0.181000
660 0.180300
661 0.179400
662 0.178600
663 0.177800
664 0.176900
665 0.176100
666 0.175300
667 0.174600
668 0.173900
669 0.173300
670 0.172700
671 0.172300
672 0.171800
673 0.171400
674 0.171200
675 0.170900
676 0.170900
677 0.170800
678 0.170900
679 0.171200
680 0.171500
681 0.172000
682 0.172500
683 0.173100
684 0.173900
685 0.174700
686 0.175700
687 0.176700
688 0.177700
689 0.178800
690 0.179900
691 0.180900
692 0.182000
693 0.183000
694 0.184000
695 0.185000
696 0.185800
697 0.186600
698 0.187300
699 0.188000
700 0.188600
701 0.189200
702 0.189600
703 0.190000
704 0.190400
705 0.190700
706 0.191000
707 0.191300
708 0.191600
709 0.191800
710 0.192000
711 0.192200
712 0.192400
713 0.192500
714 0.192700
715 0.192800
716 0.192900
717 0.193000
718 0.193100
719 0.193200
720 0.193300
721 0.193400
722 0.193500
723 0.193500
724 0.193600
725 0.193600
726 0.193700
727 0.193700
728 0.193800
729 0.193800
730 0.193800
731 0.193900
732 0.193900
733 0.193900
734 0.193900
735 0.193900
736 0.194000
737 0.194000
738 0.194000
739 0.194000
740 0.194000
741 0.194000
742 0.194100
743 0.194100
744 0.194100
745 0.194100
746 0.194100
747 0.194100
748 0.194100
749 0.194100
750 0.194100
751 0.194100
752 0.194100
753 0.194100
754 0.194100
755 0.194100
756 0.194100
757 0.194100
758 0.194100
759 0.194100
760 0.194100
761 0.194100
762 0.194100
763 0.194100
764 0.194100
765 0.194200
766 0.194200
767 0.194200
768 0.194200
769 0.194200
770 0.194200
771 0.194200
772 0.194200
773 0.194200
774 0.194200
775 0.194200
776 0.194200
777 0.194200
778 0.194200
779 0.194200
780 0.194200
781 0.194200
782 0.194200
783 0.194200
784 0.194200
785 0.194200
786 0.194200
787 0.194200
788 0.194200
789 0.194200
790 0.194200
791 0.194200
792 0.194200
793 0.194200
794 0.194200
795 0.194200
796 0.194200
797 0.194200
798 0.194200
799 0.194200
800 0.194200
801 0.194200
802 0.194200
803 0.194200
804 0.194200
805 0.194200
806 0.194200
807 0.194200
808 0.194200
809 0.194200
810 0.194200
811 0.194200
812 0.194200
813 0.194200
814 0.194200
815 0.194200
816 0.194200
817 0.194200
818 0.194200
819 0.194200
820 0.194200
821 0.194200
822 0.194200
823 0.194200
824 0.194200
825 0.194200
826 0.194200
827 0.194200
828 0.194200
829 0.194200
830 0.194200
831 0.194200
832 0.194200
833 0.194200
834 0.194200
835 0.194200
836 0.194200
837 0.194200
838 0.194200
839 0.194200
840 0.194200
841 0.194200
842 0.194200
843 0.194200
844 0.194200
845 0.194200
846 0.194200
847 0.194200
848 0.194200
849 0.194200
850 0.194200
851 0.194200
852 0.194200
853 0.194200
854 0.194200
855 0.194200
856 0.194200
857 0.194200
858 0.194200
859 0.194200
860 0.194200
861 0.194200
862 0.194200
863 0.194200
864 0.194200
865 0.194200
866 0.194200
867 0.194200
868 0.194200
869 0.194200
870 0.194200
871 0.194200
872 0.194200
873 0.194200
874 0.194200
875 0.194200
876 0.194200
877 0.194200
878 0.194200
879 0.194200
880 0.194200
881 0.194200
882 0.194200
883 0.194200
884 0.194200
885 0.194200
886 0.194200
887 0.194200
888 0.194200
889 0.194200
890 0.194200
891 0.194200
892 0.194200
893 0.194200
894 0.194200
895 0.194200
896 0.194200
897 0.194200
898 0.194200
899 0.194200
900 0.194200
901 0.194200
902 0.194200
903 0.194200
904 0.194200
905 0.194200
906 0.194200
907 0.194200
908 0.194200
909 0.194200
910 0.194200
911 0.194200
912 0.194200
913 0.194200
914 0.194200
915 0.194200
916 0.194200
917 0.194200
918 0.194200
919 0.194200
920 0.194200
921 0.194200
922 0.194200
923 0.194200
924 0.194200
925 0.194200
926 0.194200
927 0.194200
928 0.194200
929 0.194200
930 0.194200
931 0.194200
932 0.194200
933 0.194200
934 0.194200
935 0.194200
936 0.194200
937 0.194200
938 0.194200
939 0.194200
940 0.194200
941 0.194200
942 0.194200
943 0.194200
944 0.194200
945 0.194200
946 0.194200
947 0.194200
948 0.194200
949 0.194200
950 0.194200
951 0.194200
952 0.194200
953 0.194200
954 0.194200
955 0.194200
956 0.194200
957 0.194200
958 0.194200
959 0.194200
960 0.194200
961 0.194200
962 0.194200
963 0.194200
964 0.194200
965 0.194200
966 0.194200
967 0.194200
968 0.194200
969 0.194200
970 0.194200
971 0.194200
972 0.194200
973 0.194200
974 0.194200
975 0.194200
976 0.194200
977 0.194200
978 0.194200
979 0.194200
980 0.194200
981 0.194200
982 0.194200
983 0.194200
984 0.194200
985 0.194200
986 0.194200
987 0.194200
988 0.194200
989 0.194200
990 0.194200
991 0.194200
992 0.194200
993 0.194200
994 0.194200
995 0.194200
996 0.194200
997 0.194200
998 0.194200
999 0.194200
1000 0.194200
1001 0.194200
1002 0.194200
1003 0.194200
1004 0.194200
1005 0.194200
1006 0.194200
1007 0.194200
1008 0.194200
1009 0.194200
1010 0.194200
1011 0.194200
1012 0.194200
1013 0.194200
1014 0.194200
1015 0.194200
1016 0.194200
1017 0.194200
1018 0.194200
1019 0.194200
1020 0.194200
1021 0.194200
1022 0.194200
1023 0.194200
1024 0.194200
1025 0.194200
1026 0.194200
1027 0.194200
1028 0.194200
1029 0.194200
1030 0.194200
1031 0.194200
1032 0.194200
1033 0.194200
1034 0.194200
1035 0.194200
1036 0.194200
1037 0.194200
1038 0.194200
1039 0.194200
1040 0.194200
1041 0.194200
1042 0.194200
1043 0.194200
1044 0.194200
1045 0.194200
1046 0.194200
1047 0.194200
1048 0.194200
1049 0.194200
1050 0.194200
1051 0.194200
1052 0.194200
1053 0.194200
1054 0.194200
1055 0.194200
1056 0.194200
1057 0.194200
1058 0.194200
1059 0.194200
1060 0.194200
1061 0.194200
1062 0.194200
1063 0.194200
1064 0.194200
1065 0.194200
1066 0.194200
1067 0.194200
1068 0.194200
1069 0.194200
1070 0.194200
1071 0.194200
1072 0.194200
1073 0.194200
1074 0.194200
1075 0.194200
1076 0.194200
1077 0.194200
1078 0.194200
1079 0.194200
1080 0.194200
1081 0.194200
1082 0.194200
1083 0.194200
1084 0.194200
1085 0.194200
1086 0.194200
1087 0.194200
1088 0.194200
1089 0.194200
1090 0.194200
1091 0.194200
1092 0.194200
1093 0.194200
1094 0.194200
1095 0.194200
1096 0.194200
1097 0.194200
1098 0.194200
1099 0.194200
1100 0.194200
