340 0.202900
341 0.202900
342 0.202900
343 0.202900
344 0.202900
345 0.202900
346 0.202900
347 0.202900
348 0.202900
349 0.202900
350 0.202900
351 0.202900
352 0.202900
353 0.202900
354 0.202900
355 0.202900
356 0.202900
357 0.202900
358 0.202900
359 0.202900
360 0.202900
361 0.202900
362 0.202900
363 0.202900
364 0.202900
365 0.202900
366 0.202900
367 0.202900
368 0.202900
369 0.202900
370 0.202800
371 0.202800
372 0.202800
373 0.202800
374 0.202800
375 0.202800
376 0.202700
377 0.202700
378 0.202600
379 0.202500
380 0.202400
381 0.202200
382 0.201900
383 0.201400
384 0.200900
385 0.200400
386 0.199900
387 0.199400
388 0.198900
389 0.198400
390 0.197900
391 0.197400
392 0.196900
393 0.196400
394 0.196000
395 0.195500
396 0.195000
397 0.194500
398 0.194000
399 0.193500
400 0.193000
401 0.192500
402 0.192000
403 0.191500
404 0.190900
405 0.190400
406 0.189800
407 0.189300
408 0.188700
409 0.188100
410 0.187600
411 0.187100
412 0.186700
413 0.186200
414 0.185800
415 0.185300
416 0.185000
417 0.184600
418 0.184300
419 0.184100
420 0.183800
421 0.183500
422 0.183200
423 0.182900
424 0.182700
425 0.182400
426 0.182100
427 0.181800
428 0.181500
429 0.181200
430 0.180900
431 0.180600
432 0.180300
433 0.180100
434 0.180000
435 0.179900
436 0.179900
437 0.180000
438 0.180200
439 0.180500
440 0.180800
441 0.181300
442 0.181800
443 0.182500
444 0.183200
445 0.184000
446 0.184800
447 0.185600
448 0.186500
449 0.187300
450 0.188200
451 0.188900
452 0.189600
453 0.190200
454 0.190800
455 0.191300
456 0.191700
457 0.192100
458 0.192400
459 0.192700
460 0.193000
461 0.193300
462 0.193500
463 0.193700
464 0.193900
465 0.194100
466 0.194300
467 0.194400
468 0.194700
469 0.194900
470 0.195100
471 0.195400
472 0.195700
473 0.196000
474 0.196200
475 0.196500
476 0.196700
477 0.196800
478 0.197000
479 0.197200
480 0.197300
481 0.197400
482 0.197500
483 0.197600
484 0.197600
485 0.197600
486 0.197700
487 0.197800
488 0.197900
489 0.197900
490 0.198000
491 0.198100
492 0.198100
493 0.198300
494 0.198400
495 0.198500
496 0.198700
497 0.198900
498 0.199100
499 0.199300
500 0.199500
501 0.199800
502 0.200100
503 0.200400
504 0.200700
505 0.201100
506 0.201400
507 0.201700
508 0.202000
509 0.202200
510 0.202500
511 0.202700
512 0.202800
513 0.203000
514 0.203100
515 0.203300
516 0.203400
517 0.203600
518 0.203700
519 0.203800
520 0.203900
521 0.203900
522 0.203900
523 0.203900
524 0.203900
525 0.203800
526 0.203700
527 0.203600
528 0.203500
529 0.203300
530 0.203100
531 0.203000
532 0.202900
533 0.202700
534 0.202400
535 0.202200
536 0.201900
537 0.201700
538 0.201400
539 0.201100
540 0.200800
541 0.200500
542 0.200200
543 0.199900
544 0.199600
545 0.199200
546 0.198900
547 0.198500
548 0.198100
549 0.197800
550 0.197400
551 0.197100
552 0.196900
553 0.196600
554 0.196300
555 0.196100
556 0.195800
557 0.195500
558 0.195200
559 0.195000
560 0.194700
561 0.194500
562 0.194300
563 0.194200
564 0.194100
565 0.194000
566 0.194200
567 0.194400
568 0.194700
569 0.195300
570 0.195900
571 0.197000
572 0.198000
573 0.199300
574 0.200900
575 0.202400
576 0.204100
577 0.205900
578 0.207700
579 0.209400
580 0.211200
581 0.212700
582 0.214100
583 0.215500
584 0.216600
585 0.217800
586 0.218600
587 0.219500
588 0.220100
589 0.220600
590 0.221100
591 0.221300
592 0.221600
593 0.221800
594 0.222000
595 0.222100
596 0.222200
597 0.222300
598 0.222300
599 0.222300
600 0.222400
601 0.222400
602 0.222500
603 0.222600
604 0.222700
605 0.222700
606 0.222900
607 0.223000
608 0.223000
609 0.223100
610 0.223100
611 0.223000
612 0.223000
613 0.222900
614 0.222900
615 0.222900
616 0.222900
617 0.222900
618 0.222800
619 0.222700
620 0.222700
621 0.222600
622 0.222500
623 0.222400
624 0.222300
625 0.222200
626 0.222200
627 0.222100
628 0.222100
629 0.222100
630 0.222100
631 0.222000
632 0.222000
633 0.222000
634 0.222000
635 0.222000
636 0.221900
637 0.221900
638 0.221800
639 0.221700
640 0.221700
641 0.221700
642 0.221700
643 0.221700
644 0.221700
645 0.221700
646 0.221700
647 0.221700
648 0.221600
649 0.221600
650 0.221500
651 0.221300
652 0.221100
653 0.220900
654 0.220600
655 0.220300
656 0.219900
657 0.219400
658 0.219000
659 0.218500
660 0.218000
661 0.217400
662 0.216800
663 0.216200
664 0.215600
665 0.214900
666 0.214200
667 0.213400
668 0.212700
669 0.212100
670 0.211400
671 0.211000
672 0.210600
673 0.210200
674 0.210000
675 0.209800
676 0.209700
677 0.209600
678 0.209700
679 0.209900
680 0.210100
681 0.210700
682 0.211300
683 0.212000
684 0.212900
685 0.213800
686 0.215000
687 0.216200
688 0.217300
689 0.218500
690 0.219700
691 0.220800
692 0.221900
693 0.222900
694 0.223900
695 0.224800
696 0.225700
697 0.226400
698 0.227100
699 0.227700
700 0.228200
701 0.228600
702 0.229000
703 0.229400
704 0.229700
705 0.230000
706 0.230300
707 0.230500
708 0.230700
709 0.230900
710 0.231100
711 0.231300
712 0.231400
713 0.231600
714 0.231700
715 0.231800
716 0.231900
717 0.232000
718 0.232100
719 0.232200
720 0.232300
721 0.232300
722 0.232400
723 0.232400
724 0.232500
725 0.232500
726 0.232600
727 0.232600
728 0.232600
729 0.232700
730 0.232700
731 0.232700
732 0.232800
733 0.232800
734 0.232800
735 0.232800
736 0.232800
737 0.232800
738 0.232900
739 0.232900
740 0.232900
741 0.232900
742 0.232900
743 0.232900
744 0.232900
745 0.232900
746 0.232900
747 0.232900
748 0.232900
749 0.232900
750 0.233000
751 0.233000
752 0.233000
753 0.233000
754 0.233000
755 0.233000
756 0.233000
757 0.233000
758 0.233000
759 0.233000
760 0.233000
761 0.233000
762 0.233000
763 0.233000
764 0.233000
765 0.233000
766 0.233000
767 0.233000
768 0.233000
769 0.233000
770 0.233000
771 0.233000
772 0.233000
773 0.233000
774 0.233000
775 0.233000
776 0.233000
777 0.233000
778 0.233000
779 0.233000
780 0.233000
781 0.233000
782 0.233000
783 0.233000
784 0.233000
785 0.233000
786 0.233000
787 0.233000
788 0.233000
789 0.233000
790 0.233000
791 0.233000
792 0.233000
793 0.233000
794 0.233000
795 0.233000
796 0.233000
797 0.233000
798 0.233000
799 0.233000
800 0.233000
801 0.233000
802 0.233000
803 0.233000
804 0.233000
805 0.233000
806 0.233000
807 0.233000
808 0.233000
809 0.233000
810 0.233000
811 0.233000
812 0.233000
813 0.233000
814 0.233000
815 0.233000
816 0.233000
817 0.233000
818 0.233000
819 0.233000
820 0.233000
821 0.233000
822 0.233000
823 0.233000
824 0.233000
825 0.233000
826 0.233000
827 0.233000
828 0.233000
829 0.233000
830 0.233000
831 0.233000
832 0.233000
833 0.233000
834 0.233000
835 0.233000
836 0.233000
837 0.233000
838 0.233000
839 0.233000
840 0.233000
841 0.233000
842 0.233000
843 0.233000
844 0.233000
845 0.233000
846 0.233000
847 0.233000
848 0.233000
849 0.233000
850 0.233000
851 0.233000
852 0.233000
853 0.233000
854 0.233000
855 0.233000
856 0.233000
857 0.233000
858 0.233000
859 0.233000
860 0.233000
861 0.233000
862 0.233000
863 0.233000
864 0.233000
865 0.233000
866 0.233000
867 0.233000
868 0.233000
869 0.233000
870 0.233000
871 0.233000
872 0.233000
873 0.233000
874 0.233000
875 0.233000
876 0.233000
877 0.233000
878 0.233000
879 0.233000
880 0.233000
881 0.233000
882 0.233000
883 0.233000
884 0.233000
885 0.233000
886 0.233000
887 0.233000
888 0.233000
889 0.233000
890 0.233000
891 0.233000
892 0.233000
893 0.233000
894 0.233000
895 0.233000
896 0.233000
897 0.233000
898 0.233000
899 0.233000
900 0.233000
901 0.233000
902 0.233000
903 0.233000
904 0.233000
905 0.233000
906 0.233000
907 0.233000
908 0.233000
909 0.233000
910 0.233000
911 0.233000
912 0.233000
913 0.233000
914 0.233000
915 0.233000
916 0.233000
917 0.233000
918 0.233000
919 0.233000
920 0.233000
921 0.233000
922 0.233000
923 0.233000
924 0.233000
925 0.233000
926 0.233000
927 0.233000
928 0.233000
929 0.233000
930 0.233000
931 0.233000
932 0.233000
933 0.233000
934 0.233000
935 0.233000
936 0.233000
937 0.233000
938 0.233000
939 0.233000
940 0.233000
941 0.233000
942 0.233000
943 0.233000
944 0.233000
945 0.233000
946 0.233000
947 0.233000
948 0.233000
949 0.233000
950 0.233000
951 0.233000
952 0.233000
953 0.233000
954 0.233000
955 0.233000
956 0.233000
957 0.233000
958 0.233000
959 0.233000
960 0.233000
961 0.233000
962 0.233000
963 0.233000
964 0.233000
965 0.233000
966 0.233000
967 0.233000
968 0.233000
969 0.233000
970 0.233000
971 0.233000
972 0.233000
973 0.233000
974 0.233000
975 0.233000
976 0.233000
977 0.233000
978 0.233000
979 0.233000
980 0.233000
981 0.233000
982 0.233000
983 0.233000
984 0.233000
985 0.233000
986 0.233000
987 0.233000
988 0.233000
989 0.233000
990 0.233000
991 0.233000
992 0.233000
993 0.233000
994 0.233000
995 0.233000
996 0.233000
997 0.233000
998 0.233000
999 0.233000
1000 0.233000
1001 0.233000
1002 0.233000
1003 0.233000
1004 0.233000
1005 0.233000
1006 0.233000
1007 0.233000
1008 0.233000
1009 0.233000
1010 0.233000
1011 0.233000
1012 0.233000
1013 0.233000
1014 0.233000
1015 0.233000
1016 0.233000
1017 0.233000
1018 0.233000
1019 0.233000
1020 0.233000
1021 0.233000
1022 0.233000
1023 0.233000
1024 0.233000
1025 0.233000
1026 0.233000
1027 0.233000
1028 0.233000
1029 0.233000
1030 0.233000
1031 0.233000
1032 0.233000
1033 0.233000
1034 0.233000
1035 0.233000
1036 0.233000
1037 0.233000
1038 0.233000
1039 0.233000
1040 0.233000
1041 0.233000
1042 0.233000
1043 0.233000
1044 0.233000
1045 0.233000
1046 0.233000
1047 0.233000
1048 0.233000
1049 0.233000
1050 0.233000
1051 0.233000
1052 0.233000
1053 0.233000
1054 0.233000
1055 0.233000
1056 0.233000
1057 0.233000
1058 0.233000
1059 0.233000
1060 0.233000
1061 0.233000
1062 0.233000
1063 0.233000
1064 0.233000
1065 0.233000
1066 0.233000
1067 0.233000
1068 0.233000
1069 0.233000
1070 0.233000
1071 0.233000
1072 0.233000
1073 0.233000
1074 0.233000
1075 0.233000
1076 0.233000
1077 0.233000
1078 0.233000
1079 0.233000
1080 0.233000
1081 0.233000
1082 0.233000
1083 0.233000
1084 0.233000
1085 0.233000
1086 0.233000
1087 0.233000
1088 0.233000
1089 0.233000
1090 0.233000
1091 0.233000
1092 0.233000
1093 0.233000
1094 0.233000
1095 0.233000
1096 0.233000
1097 0.233000
1098 0.233000
1099 0.233000
1100 0.233000
