287.000 nan
289.000 0.12505
291.000 0.12843
293.000 0.12905
295.000 0.12786
297.000 0.12840
299.000 0.12777
301.000 0.12880
303.000 0.12909
305.000 0.12840
307.000 0.12909
309.000 0.12813
311.000 0.12791
313.000 0.12880
315.000 0.12720
317.000 0.12705
319.000 0.12633
321.000 0.12777
323.000 0.12664
325.000 0.12542
327.000 0.12646
329.000 0.12382
331.000 0.12358
333.000 0.12335
335.000 0.12145
337.000 0.12000
339.000 0.11789
341.000 0.11533
343.000 0.11300
345.000 0.10941
347.000 0.10283
349.000 0.09687
351.000 0.08966
353.000 0.08216
355.000 0.07406
357.000 0.06803
359.000 0.06173
361.000 0.05696
363.000 0.05277
365.000 0.04824
367.000 0.04499
369.000 0.04202
371.000 0.03999
373.000 0.03876
375.000 0.03663
377.000 0.03491
379.000 0.03443
381.000 0.03447
383.000 0.03311
385.000 0.03099
387.000 0.02927
389.000 0.02761
391.000 0.02705
393.000 0.02676
395.000 0.02574
397.000 0.02452
399.000 0.02329
401.000 0.02252
403.000 0.02203
405.000 0.02152
407.000 0.02098
409.000 0.02046
411.000 0.02006
413.000 0.01979
415.000 0.01965
417.000 0.01956
419.000 0.01950
421.000 0.01937
423.000 0.01928
425.000 0.01916
427.000 0.01903
429.000 0.01889
431.000 0.01867
433.000 0.01833
435.000 0.01814
437.000 0.01806
439.000 0.01806
441.000 0.01808
443.000 0.01812
445.000 0.01826
447.000 0.01845
449.000 0.01859
451.000 0.01872
453.000 0.01889
455.000 0.01900
457.000 0.01902
459.000 0.01905
461.000 0.01902
463.000 0.01901
465.000 0.01903
467.000 0.01909
469.000 0.01915
471.000 0.01923
473.000 0.01934
475.000 0.01940
477.000 0.01947
479.000 0.01950
481.000 0.01950
483.000 0.01946
485.000 0.01943
487.000 0.01946
489.000 0.01939
491.000 0.01937
493.000 0.01948
495.000 0.01967
497.000 0.01997
499.000 0.02044
501.000 0.02107
503.000 0.02184
505.000 0.02274
507.000 0.02377
509.000 0.02501
511.000 0.02631
513.000 0.02770
515.000 0.02923
517.000 0.03082
519.000 0.03241
521.000 0.03380
523.000 0.03515
525.000 0.03646
527.000 0.03769
529.000 0.03872
531.000 0.03958
533.000 0.04039
535.000 0.04111
537.000 0.04170
539.000 0.04230
541.000 0.04287
543.000 0.04346
545.000 0.04402
547.000 0.04460
549.000 0.04521
551.000 0.04577
553.000 0.04626
555.000 0.04664
557.000 0.04687
559.000 0.04699
561.000 0.04698
563.000 0.04683
565.000 0.04662
567.000 0.04634
569.000 0.04602
571.000 0.04576
573.000 0.04555
575.000 0.04545
577.000 0.04546
579.000 0.04550
581.000 0.04551
583.000 0.04551
585.000 0.04554
587.000 0.04559
589.000 0.04572
591.000 0.04590
593.000 0.04607
595.000 0.04629
597.000 0.04649
599.000 0.04653
601.000 0.04636
603.000 0.04593
605.000 0.04518
607.000 0.04425
609.000 0.04319
611.000 0.04209
613.000 0.04102
615.000 0.04006
617.000 0.03918
619.000 0.03850
621.000 0.03797
623.000 0.03758
625.000 0.03734
627.000 0.03717
629.000 0.03701
631.000 0.03690
633.000 0.03671
635.000 0.03646
637.000 0.03623
639.000 0.03603
641.000 0.03587
643.000 0.03564
645.000 0.03528
647.000 0.03471
649.000 0.03391
651.000 0.03294
653.000 0.03188
655.000 0.03076
657.000 0.02934
659.000 0.02779
661.000 0.02631
663.000 0.02504
665.000 0.02398
667.000 0.02325
669.000 0.02273
671.000 0.02251
673.000 0.02247
675.000 0.02261
677.000 0.02294
679.000 0.02348
681.000 0.02428
683.000 0.02548
685.000 0.02738
687.000 0.03044
689.000 0.03403
691.000 0.03860
693.000 0.04477
695.000 0.05285
697.000 0.06280
699.000 0.07488
701.000 0.08918
703.000 0.10522
705.000 0.12222
707.000 0.13976
709.000 0.15770
711.000 0.17605
713.000 0.19456
715.000 0.21243
717.000 0.23008
719.000 0.24928
721.000 0.26799
723.000 0.28255
725.000 0.29690
727.000 0.31104
729.000 0.32419
731.000 0.33629
733.000 0.34731
735.000 0.35676
737.000 0.36540
739.000 0.37343
741.000 0.38065
743.000 0.38701
745.000 0.39260
747.000 0.39750
749.000 0.40177
751.000 0.40560
753.000 0.40883
755.000 0.41164
757.000 0.41384
759.000 0.41589
761.000 0.41705
763.000 0.41990
765.000 0.42225
767.000 0.42364
769.000 0.42486
771.000 0.42582
773.000 0.42690
775.000 0.42802
777.000 0.42906
779.000 0.43010
781.000 0.43113
783.000 0.43200
785.000 0.43284
787.000 0.43355
789.000 0.43408
791.000 0.43467
793.000 0.43540
795.000 0.43577
797.000 0.43611
799.000 0.43644
801.000 0.43672
803.000 0.43732
805.000 0.43823
807.000 0.43907
809.000 0.43989
811.000 0.44065
813.000 0.44113
815.000 0.44162
817.000 0.44258
819.000 0.44425
821.000 0.44589
823.000 0.44663
825.000 0.44809
827.000 0.44891
829.000 0.44910
831.000 0.44971
833.000 0.45019
835.000 0.45082
837.000 0.45148
839.000 0.45210
841.000 0.45255
843.000 0.45304
845.000 0.45344
847.000 0.45368
849.000 0.45361
851.000 0.45356
853.000 0.45363
855.000 0.45357
857.000 0.45400
859.000 0.45420
861.000 0.45427
863.000 0.45465
865.000 0.45506
867.000 0.45535
869.000 0.45633
871.000 0.45713
873.000 0.45771
875.000 0.45864
877.000 0.45923
879.000 0.45994
881.000 0.46093
883.000 0.46143
885.000 0.46200
887.000 0.46253
889.000 0.46279
891.000 0.46317
893.000 0.46245
895.000 0.46154
897.000 0.46045
899.000 0.45947
901.000 0.46022
903.000 0.46138
905.000 0.46102
907.000 0.45959
909.000 0.45852
911.000 0.45869
913.000 0.45749
915.000 0.45653
917.000 0.45588
919.000 0.45582
921.000 0.45515
923.000 0.45264
925.000 0.45011
927.000 0.44658
929.000 0.43981
931.000 0.43061
933.000 0.42029
935.000 0.41208
937.000 0.40902
939.000 0.41097
941.000 0.40536
943.000 0.39874
945.000 0.39319
947.000 0.38752
949.000 0.38164
951.000 0.37358
953.000 0.36745
955.000 0.36076
957.000 0.35481
959.000 0.34995
961.000 0.34691
963.000 0.34554
965.000 0.34329
967.000 0.34338
969.000 0.34427
971.000 0.34266
973.000 0.34059
975.000 0.33906
977.000 0.33840
979.000 0.33860
981.000 0.33915
983.000 0.34013
985.000 0.34100
987.000 0.34165
989.000 0.34257
991.000 0.34349
993.000 0.34458
995.000 0.34516
997.000 0.34662
999.000 0.34919
1001.000 0.35006
1003.000 0.35055
1005.000 0.35151
1007.000 0.35163
1009.000 0.35373
1011.000 0.35495
1013.000 0.35688
1015.000 0.35889
1017.000 0.35971
1019.000 0.36189
1021.000 0.36345
1023.000 0.36475
1025.000 0.36415
1027.000 0.36591
1029.000 0.36684
1031.000 0.36670
1033.000 0.36842
1035.000 0.36750
1037.000 0.36701
1039.000 0.37009
1041.000 0.37173
1043.000 0.36832
1045.000 0.36816
1047.000 0.36527
1049.000 0.36676
1051.000 0.36150
1053.000 0.35945
1055.000 0.36128
1057.000 0.35503
1059.000 0.35652
1061.000 0.34943
1063.000 0.34717
1065.000 0.34502
1067.000 0.34052
1069.000 0.33936
1071.000 0.33725
1073.000 0.33103
1075.000 0.33285
1077.000 0.32875
1079.000 0.32446
1081.000 0.32422
1083.000 0.31133
1085.000 0.31070
1087.000 0.30563
1089.000 0.29978
1091.000 0.29443
1093.000 0.28545
1095.000 nan
