400 0.024052 
401 0.024448 
402 0.024817 
403 0.025191 
404 0.025599 
405 0.026062 
406 0.026553 
407 0.027050 
408 0.027581 
409 0.028167 
410 0.028735 
411 0.029218 
412 0.029655 
413 0.030100 
414 0.030558 
415 0.031018 
416 0.031448 
417 0.031825 
418 0.032177 
419 0.032527 
420 0.032834 
421 0.033055 
422 0.033215 
423 0.033361 
424 0.033562 
425 0.033865 
426 0.034210 
427 0.034544 
428 0.034940 
429 0.035451 
430 0.035936 
431 0.036253 
432 0.036458 
433 0.036644 
434 0.036848 
435 0.037077 
436 0.037280 
437 0.037415 
438 0.037548 
439 0.037727 
440 0.037824 
441 0.037714 
442 0.037449 
443 0.037117 
444 0.036765 
445 0.036421 
446 0.036062 
447 0.035678 
448 0.035355 
449 0.035160 
450 0.034991 
451 0.034737 
452 0.034415 
453 0.034075 
454 0.033776 
455 0.033555 
456 0.033361 
457 0.033149 
458 0.032980 
459 0.032905 
460 0.032834 
461 0.032673 
462 0.032454 
463 0.032231 
464 0.032023 
465 0.031834 
466 0.031641 
467 0.031430 
468 0.031237 
469 0.031089 
470 0.030912 
471 0.030636 
472 0.030298 
473 0.029952 
474 0.029620 
475 0.029312 
476 0.029020 
477 0.028736 
478 0.028480 
479 0.028267 
480 0.028052 
481 0.027794 
482 0.027509 
483 0.027226 
484 0.026957 
485 0.026704 
486 0.026447 
487 0.026168 
488 0.025894 
489 0.025644 
490 0.025372 
491 0.025032 
492 0.024640 
493 0.024222 
494 0.023792 
495 0.023355 
496 0.022902 
497 0.022428 
498 0.021947 
499 0.021473 
500 0.020991 
501 0.020487 
502 0.019972 
503 0.019460 
504 0.018953 
505 0.018452 
506 0.017964 
507 0.017495 
508 0.017043 
509 0.016606 
510 0.016177 
511 0.015752 
512 0.015333 
513 0.014925 
514 0.014537 
515 0.014173 
516 0.013825 
517 0.013486 
518 0.013169 
519 0.012882 
520 0.012611 
521 0.012337 
522 0.012062 
523 0.011793 
524 0.011541 
525 0.011315 
526 0.011102 
527 0.010889 
528 0.010678 
529 0.010471 
530 0.010270 
531 0.010072 
532 0.009867 
533 0.009652 
534 0.009450 
535 0.009284 
536 0.009132 
537 0.008970 
538 0.008800 
539 0.008631 
540 0.008479 
541 0.008353 
542 0.008229 
543 0.008080 
544 0.007915 
545 0.007748 
546 0.007588 
547 0.007441 
548 0.007305 
549 0.007172 
550 0.007028 
551 0.006862 
552 0.006688 
553 0.006525 
554 0.006378 
555 0.006247 
556 0.006118 
557 0.005983 
558 0.005862 
559 0.005769 
560 0.005679 
561 0.005566 
562 0.005452 
563 0.005362 
564 0.005288 
565 0.005220 
566 0.005167 
567 0.005135 
568 0.005098 
569 0.005038 
570 0.004986 
571 0.004974 
572 0.004980 
573 0.004979 
574 0.004980 
575 0.004993 
576 0.005004 
577 0.005002 
578 0.005010 
579 0.005048 
580 0.005087 
581 0.005102 
582 0.005122 
583 0.005176 
584 0.005241 
585 0.005286 
586 0.005315 
587 0.005337 
588 0.005355 
589 0.005372 
590 0.005390 
591 0.005407 
592 0.005412 
593 0.005397 
594 0.005369 
595 0.005339 
596 0.005314 
597 0.005295 
598 0.005273 
599 0.005241 
600 0.005217 
601 0.005218 
602 0.005230 
603 0.005238 
604 0.005241 
605 0.005245 
606 0.005261 
607 0.005299 
608 0.005353 
609 0.005416 
610 0.005480 
611 0.005541 
612 0.005600 
613 0.005659 
614 0.005723 
615 0.005797 
616 0.005870 
617 0.005931 
618 0.005984 
619 0.006034 
620 0.006086 
621 0.006140 
622 0.006185 
623 0.006213 
624 0.006246 
625 0.006302 
626 0.006363 
627 0.006409 
628 0.006462 
629 0.006541 
630 0.006621 
631 0.006675 
632 0.006721 
633 0.006783 
634 0.006853 
635 0.006918 
636 0.006969 
637 0.007005 
638 0.007037 
639 0.007079 
640 0.007133 
641 0.007194 
642 0.007251 
643 0.007294 
644 0.007334 
645 0.007384 
646 0.007438 
647 0.007494 
648 0.007565 
649 0.007664 
650 0.007776 
651 0.007886 
652 0.008016 
653 0.008194 
654 0.008424 
655 0.008706 
656 0.009030 
657 0.009392 
658 0.009808 
659 0.010293 
660 0.010832 
661 0.011408 
662 0.012032 
663 0.012717 
664 0.013451 
665 0.014211 
666 0.014952 
667 0.015635 
668 0.016270 
669 0.016866 
670 0.017388 
671 0.017795 
672 0.018072 
673 0.018214 
674 0.018238 
675 0.018161 
676 0.017974 
677 0.017666 
678 0.017244 
679 0.016713 
680 0.016057 
681 0.015266 
682 0.014385 
683 0.013459 
684 0.012484 
685 0.011455 
686 0.010429 
687 0.009461 
688 0.008544 
689 0.007667 
690 0.006855 
691 0.006135 
692 0.005489 
693 0.004900 
694 0.004384 
695 0.003956 
696 0.003598 
697 0.003283 
698 0.002989 
699 0.002709 
700 0.002481 
701 0.002338 
702 0.002233 
703 0.002114 
704 0.001985 
705 0.001860 
706 0.001737 
707 0.001613 
708 0.001489 
709 0.001365 
710 0.001241 
711 0.001117 
712 0.000993 
713 0.000869 
714 0.000744 
715 0.000618 
716 0.000496 
717 0.000377 
718 0.000248 
719 0.000104 
720 0.000000 
721 -0.000020 
722 0.000000 
723 0.000005 
724 0.000000 
725 -0.000001 
726 0.000000 
727 0.000000 
728 0.000000 
729 -0.000000 
730 0.000000 
731 0.000000 
732 0.000000 
733 -0.000000 
734 0.000000 
735 0.000000 
736 0.000000 
737 -0.000000 
738 0.000000 
739 0.000000 
740 0.000000 
741 -0.000000 
742 0.000000 
743 0.000000 
744 0.000000 
745 -0.000000 
746 0.000000 
747 0.000000 
748 0.000000 
749 -0.000000 
750 0.000000 
751 0.000000 
752 0.000000 
753 -0.000000 
754 0.000000 
755 0.000000 
756 0.000000 
757 -0.000000 
758 0.000000 
759 0.000000 
760 0.000000 
761 -0.000000 
762 0.000000 
763 0.000000 
764 0.000000 
765 -0.000000 
766 0.000000 
767 0.000000 
768 0.000000 
769 -0.000000 
770 0.000000 
771 0.000000 
772 0.000000 
773 -0.000000 
774 0.000000 
775 0.000000 
776 0.000000 
777 -0.000000 
778 0.000000 
779 0.000000 
780 0.000000 
781 -0.000000 
782 0.000000 
783 0.000000 
784 0.000000 
785 -0.000000 
786 0.000000 
787 0.000000 
788 0.000000 
789 -0.000000 
790 0.000000 
791 0.000000 
792 0.000000 
793 -0.000000 
794 0.000000 
795 0.000000 
796 0.000000 
797 -0.000000 
798 0.000000 
799 0.000000 
800 0.000000 

