190 11.265144
191  7.779693
192  5.374098
193  3.713799
194  2.567891
195  1.777006
196  1.260000
197  0.852000
198  0.567000
199  0.411000
200  0.324000
201  0.264000
202  0.230000
203  0.192000
204  0.168000
205  0.156000
206  0.150000
207  0.140000
208  0.134000
209  0.125000
210  0.126000
211  0.117000
212  0.114000
213  0.110000
214  0.106000
215  0.101000
216  0.098800
217  0.094600
218  0.093100
219  0.091800
220  0.080500
221  0.078600
222  0.073700
223  0.071400
224  0.070000
225  0.065000
226  0.066900
227  0.064300
228  0.061384
229  0.059949
230  0.058549
231  0.057186
232  0.055856
233  0.054560
234  0.053297
235  0.052066
236  0.050865
237  0.049695
238  0.048555
239  0.047443
240  0.046359
241  0.045303
242  0.044273
243  0.043269
244  0.042291
245  0.041337
246  0.040407
247  0.039501
248  0.038617
249  0.037756
250  0.036917
251  0.036098
252  0.035301
253  0.034523
254  0.033765
255  0.033026
256  0.032306
257  0.031604
258  0.030920
259  0.030252
260  0.029602
261  0.028968
262  0.028350
263  0.027748
264  0.027161
265  0.026589
266  0.026031
267  0.025487
268  0.024957
269  0.024440
270  0.023936
271  0.023445
272  0.022967
273  0.022500
274  0.022045
275  0.021602
276  0.021170
277  0.020749
278  0.020338
279  0.019938
280  0.019548
281  0.019167
282  0.018797
283  0.018435
284  0.018083
285  0.017740
286  0.017405
287  0.017078
288  0.016760
289  0.016450
290  0.016148
291  0.015854
292  0.015566
293  0.015286
294  0.015014
295  0.014748
296  0.014488
297  0.014235
298  0.013989
299  0.013749
300  0.013515
301  0.013287
302  0.013064
303  0.012847
304  0.012636
305  0.012430
306  0.012229
307  0.012033
308  0.011842
309  0.011656
310  0.011475
311  0.011298
312  0.011126
313  0.010958
314  0.010794
315  0.010635
316  0.010479
317  0.010327
318  0.010180
319  0.010036
320  0.009895
321  0.009758
322  0.009625
323  0.009495
324  0.009368
325  0.009244
326  0.009124
327  0.009006
328  0.008892
329  0.008780
330  0.008671
331  0.008565
332  0.008462
333  0.008361
334  0.008263
335  0.008167
336  0.008074
337  0.007983
338  0.007894
339  0.007807
340  0.007723
341  0.007641
342  0.007561
343  0.007483
344  0.007407
345  0.007333
346  0.007260
347  0.007190
348  0.007121
349  0.007054
350  0.006989
351  0.006925
352  0.006863
353  0.006803
354  0.006744
355  0.006686
356  0.006630
357  0.006576
358  0.006522
359  0.006470
360  0.006420
361  0.006371
362  0.006323
363  0.006276
364  0.006230
365  0.006186
366  0.006142
367  0.006100
368  0.006059
369  0.006018
370  0.005979
371  0.005941
372  0.005904
373  0.005868
374  0.005832
375  0.005798
376  0.005764
377  0.005731
378  0.005699
379  0.005668
380  0.005638
381  0.005608
382  0.005580
383  0.005551
384  0.005524
385  0.005497
386  0.005471
387  0.005446
388  0.005421
389  0.005397
390  0.005374
391  0.005400
392  0.005400
393  0.005400
394  0.005400
395  0.005400
396  0.005500
397  0.005500
398  0.005600
399  0.005700
400  0.005800
401  0.005800
402  0.005900
403  0.006000
404  0.006100
405  0.006200
406  0.006300
407  0.006400
408  0.006500
409  0.006600
410  0.006700
411  0.006800
412  0.006900
413  0.007000
414  0.007200
415  0.007300
416  0.007400
417  0.007500
418  0.007600
419  0.007700
420  0.007900
421  0.008100
422  0.008200
423  0.008300
424  0.008400
425  0.008600
426  0.008700
427  0.008800
428  0.008900
429  0.009100
430  0.009200
431  0.009300
432  0.009400
433  0.009600
434  0.009700
435  0.009800
436  0.009900
437  0.010000
438  0.010200
439  0.010300
440  0.010400
441  0.010500
442  0.010600
443  0.010700
444  0.010800
445  0.010900
446  0.011000
447  0.011100
448  0.011200
449  0.011300
450  0.011400
451  0.011500
452  0.011600
453  0.011700
454  0.011800
455  0.011900
456  0.012000
457  0.012100
458  0.012200
459  0.012300
460  0.012400
461  0.012500
462  0.012600
463  0.012700
464  0.012800
465  0.012900
466  0.013000
467  0.013100
468  0.013300
469  0.013300
470  0.013500
471  0.013600
472  0.013800
473  0.013900
474  0.014100
475  0.014200
476  0.014400
477  0.014500
478  0.014800
479  0.014900
480  0.015200
481  0.015400
482  0.015700
483  0.015900
484  0.016200
485  0.016400
486  0.016700
487  0.017000
488  0.017400
489  0.017700
490  0.018100
491  0.018400
492  0.018900
493  0.019300
494  0.019800
495  0.020300
496  0.020900
497  0.021500
498  0.022300
499  0.023000
500  0.023800
501  0.024600
502  0.025500
503  0.026400
504  0.027300
505  0.028100
506  0.029100
507  0.030000
508  0.031000
509  0.031900
510  0.032900
511  0.033800
512  0.034900
513  0.035800
514  0.036800
515  0.037700
516  0.038600
517  0.039400
518  0.040400
519  0.040800
520  0.040900
521  0.041300
522  0.041600
523  0.041100
524  0.040900
525  0.041700
526  0.042700
527  0.042600
528  0.042300
529  0.042300
530  0.042900
531  0.043700
532  0.044500
533  0.045000
534  0.045600
535  0.046300
536  0.047000
537  0.047500
538  0.048000
539  0.048600
540  0.049500
541  0.049800
542  0.050300
543  0.051400
544  0.052700
545  0.053500
546  0.054400
547  0.055300
548  0.056400
549  0.057500
550  0.058800
551  0.059900
552  0.061100
553  0.062100
554  0.063100
555  0.063900
556  0.064600
557  0.065100
558  0.065800
559  0.066400
560  0.067200
561  0.067900
562  0.068600
563  0.069200
564  0.069900
565  0.070700
566  0.071800
567  0.072600
568  0.073400
569  0.074500
570  0.075900
571  0.077200
572  0.078700
573  0.080200
574  0.081900
575  0.083800
576  0.085800
577  0.087600
578  0.089600
579  0.092200
580  0.095200
581  0.097900
582  0.100800
583  0.104000
584  0.107900
585  0.111000
586  0.115900
587  0.120000
588  0.125300
589  0.130000
590  0.135600
591  0.140000
592  0.145900
593  0.151000
594  0.156700
595  0.162000
596  0.170000
597  0.177000
598  0.186000
599  0.203000
600  0.222400
601  0.231000
602  0.236600
603  0.240000
604  0.244800
605  0.251000
606  0.258700
607  0.262000
608  0.265300
609  0.267000
610  0.269100
611  0.270000
612  0.271500
613  0.272000
614  0.274000
615  0.275000
616  0.276400
617  0.277000
618  0.278500
619  0.279000
620  0.281000
621  0.282000
622  0.283900
623  0.285000
624  0.286800
625  0.288000
626  0.289300
627  0.290000
628  0.292200
629  0.293000
630  0.295500
631  0.297000
632  0.298800
633  0.300000
634  0.301100
635  0.302000
636  0.303800
637  0.305000
638  0.307600
639  0.309000
640  0.311100
641  0.312000
642  0.314400
643  0.316000
644  0.318100
645  0.320000
646  0.322300
647  0.324000
648  0.326300
649  0.328000
650  0.331500
651  0.333000
652  0.336200
653  0.338000
654  0.342300
655  0.346000
656  0.350800
657  0.356000
658  0.363600
659  0.371000
660  0.379100
661  0.386000
662  0.393100
663  0.398000
664  0.401900
665  0.405000
666  0.407200
667  0.408000
668  0.409800
669  0.410000
670  0.412200
671  0.413000
672  0.415000
673  0.415000
674  0.417300
675  0.419000
676  0.422300
677  0.424000
678  0.427000
679  0.429000
680  0.431800
681  0.434000
682  0.438100
683  0.441000
684  0.445800
685  0.450000
686  0.454500
687  0.459000
688  0.464600
689  0.470000
690  0.476000
691  0.482000
692  0.490300
693  0.498000
694  0.507100
695  0.515000
696  0.524400
697  0.534000
698  0.547000
699  0.559000
700  0.572200
701  0.585000
702  0.599500
703  0.614800
704  0.630300
705  0.646300
706  0.662800
707  0.680300
708  0.699300
709  0.719700
710  0.741500
711  0.764700
712  0.789300
713  0.815700
714  0.844500
715  0.876300
716  0.910900
717  0.948000
718  0.987100
719  1.028400
720  1.072400
721  1.119200
722  1.167900
723  1.217800
724  1.268400
725  1.319600
726  1.371900
727  1.427300
728  1.487000
729  1.551200
730  1.621100
731  1.699100
732  1.787200
733  1.885700
734  1.991700
735  2.100700
736  2.207400
737  2.306800
738  2.394200
739  2.468900
740  2.531900
741  2.583700
742  2.623100
743  2.651200
744  2.672300
745  2.688700
746  2.702100
747  2.713000
748  2.721600
749  2.728200
750  2.733400
751  2.737600
752  2.741300
753  2.744700
754  2.747800
755  2.750800
756  2.754200
757  2.758300
758  2.762800
759  2.767300
760  2.771000
761  2.772800
762  2.773300
763  2.773900
764  2.774200
765  2.773200
766  2.770100
767  2.765500
768  2.761000
769  2.757200
770  2.754200
771  2.751900
772  2.748200
773  2.740500
774  2.730500
775  2.720100
776  2.709700
777  2.700100
778  2.689600
779  2.674900
780  2.659000
781  2.645600
782  2.633200
783  2.620700
784  2.606200
785  2.588700
786  2.570200
787  2.552000
788  2.530498
789  2.505278
790  2.487371
791  2.461065
792  2.440201
793  2.418349
794  2.400317
795  2.379872
796  2.358048
797  2.341086
798  2.321732
799  2.304659
800  2.286825
801  2.269516
802  2.257261
803  2.242823
804  2.233712
805  2.219757
806  2.214196
807  2.211722
808  2.211253
809  2.210843
810  2.209235
811  2.218812
812  2.225338
813  2.229822
814  2.250585
815  2.259932
816  2.271664
817  2.295697
818  2.315147
819  2.341537
820  2.371128
821  2.409549
822  2.455974
823  2.514333
824  2.580352
825  2.656804
826  2.755080
827  2.862719
828  2.981099
829  3.113059
830  3.241849
831  3.356337
832  3.460079
833  3.562117
834  3.619329
835  3.695802
836  3.747003
837  3.788421
838  3.829252
839  3.855090
840  3.889238
841  3.915048
842  3.955149
843  3.976149
844  4.012614
845  4.042749
846  4.074319
847  4.085668
848  4.135384
849  4.162213
850  4.182555
851  4.222378
852  4.254349
853  4.292056
854  4.311403
855  4.323926
856  4.364472
857  4.387785
858  4.414938
859  4.441027
860  4.464370
861  4.492064
862  4.518464
863  4.545351
864  4.572542
865  4.601551
866  4.632267
867  4.662102
868  4.691919
869  4.721051
870  4.753754
871  4.791201
872  4.830423
873  4.873330
874  4.919576
875  4.968886
876  5.019754
877  5.073632
878  5.129603
879  5.189142
880  5.252424
881   5.31967
882   5.38217
883   5.44418
884   5.50594
885   5.56769
886   5.62967
887   5.69211
888   5.75526
889   5.81936
890   5.88464
891   5.95135
892   6.01972
893   6.09000
894   6.16195
895   6.23530
896   6.31020
897   6.38683
898   6.46535
899   6.54591
900   6.62868
901   6.71383
902   6.80151
903   6.89189
904   6.98514
905   7.08141
906   7.18087
907   7.28368
908   7.39000
909   7.50000
910   7.62322
911   7.76842
912   7.93459
913   8.12072
914   8.32582
915   8.54888
916   8.78889
917   9.04484
918   9.31573
919   9.60056
920   9.89831
921   10.2080
922   10.5286
923   10.8591
924   11.1985
925   11.5458
926   11.9000
927   12.2648
928   12.6451
929   13.0416
930   13.4550
931   13.8860
932   14.3353
933   14.8036
934   15.2916
935   15.8000
936   16.3392
937   16.9203
938   17.5453
939   18.2163
940   18.9353
941   19.7042
942   20.5251
943   21.4000
944   22.3369
945   23.3417
946   24.4137
947   25.5517
948   26.7549
949   28.0222
950   29.3529
951   30.7458
952   32.2000
953   33.7130
954   35.2703
955   36.8534
956   38.4438
957   40.0229
958   41.5721
959   43.0730
960   44.5070
961   45.8555
962   47.1000
963   48.1892
964   49.0941
965   49.8295
966   50.4104
967   50.8517
968   51.1682
969   51.3748
970   51.4864
971   51.5178
972   51.4841
973   51.4000
974   51.2857
975   51.1516
976   50.9983
977   50.8260
978   50.6352
979   50.4264
980   50.2000
981   49.9560
982   49.6938
983   49.4132
984   49.1137
985   48.7950
986   48.4567
987   48.0984
988   47.7198
989   47.3204
990   46.9000
991   46.4570
992   45.9911
993   45.5038
994   44.9961
995   44.4696
996   43.9255
997   43.3652
998   42.7900
999   42.2011
1000   41.6000
1001   40.9877
1002   40.3651
1003   39.7329
1004   39.0917
1005   38.4424
1006   37.7858
1007   37.1224
1008   36.4532
1009   35.7788
1010   35.1000
1011   34.4183
1012   33.7360
1013   33.0552
1014   32.3779
1015   31.7061
1016   31.0419
1017   30.3871
1018   29.7438
1019   29.1141
1020   28.5000
1021   27.9067
1022   27.3375
1023   26.7911
1024   26.2664
1025   25.7622
1026   25.2772
1027   24.8103
1028   24.3604
1029   23.9261
1030   23.5064
1031   23.1000
1032   22.6995
1033   22.2994
1034   21.9015
1035   21.5073
1036   21.1188
1037   20.7375
1038   20.3652
1039   20.0036
1040   19.6543
1041   19.3193
1042   19.0000
1043   18.6970
1044   18.4092
1045   18.1359
1046   17.8766
1047   17.6306
1048   17.3973
1049   17.1761
1050   16.9664
1051   16.7676
1052   16.5790
1053   16.4000
1054   16.2288
1055   16.0642
1056   15.9068
1057   15.7573
1058   15.6162
1059   15.4841
1060   15.3617
1061   15.2495
1062   15.1482
1063   15.0583
1064   14.9804
1065   14.9152
1066   14.8633
1067   14.8252
1068   14.8015
1069   14.7929
1070   14.8000
1071   14.8214
1072   14.8554
1073   14.9013
1074   14.9590
1075   15.0280
1076   15.1080
1077   15.1985
1078   15.2991
1079   15.4096
1080   15.5295
1081   15.6584
1082   15.7959
1083   15.9417
1084   16.0954
1085   16.2566
1086   16.4249
1087   16.6000
1088   16.7809
1089   16.9673
1090   17.1595
1091   17.3577
1092   17.5623
1093   17.7737
1094   17.9920
1095   18.2177
1096   18.4510
1097   18.6923
1098   18.9419
1099   19.2000
1100   19.4669
1101   19.7431
1102   20.0295
1103   20.3268
1104   20.6360
1105   20.9578
1106   21.2930
1107   21.6425
1108   22.0071
1109   22.3877
1110   22.7851
1111   23.2000
1112   23.6449
1113   24.1316
1114   24.6603
1115   25.2312
1116   25.8445
1117   26.5004
1118   27.1990
1119   27.9407
1120   28.7255
1121   29.5536
1122   30.4253
1123   31.3407
1124   32.3000
1125   33.3452
1126   34.5219
1127   35.8359
1128   37.2930
1129   38.8991
1130   40.6599
1131   42.5813
1132   44.6691
1133   46.9290
1134   49.3669
1135   51.9887
1136   54.8000
1137   57.7868
1138   60.9136
1139   64.1539
1140   67.4814
1141   70.8696
1142   74.2924
1143   77.7231
1144   81.1356
1145   84.5033
1146   87.8000
1147   90.9993
1148   94.0747
1149   97.0000
1150   99.7224
1151   102.214
1152   104.485
1153   106.547
1154   108.410
1155   110.085
1156   111.583
1157   112.914
1158   114.089
1159   115.118
1160   116.014
1161   116.785
1162   117.444
1163   118.000
1164   118.501
1165   118.988
1166   119.458
1167   119.911
1168   120.345
1169   120.759
1170   121.152
1171   121.523
1172   121.870
1173   122.193
1174   122.489
1175   122.759
1176   123.000
1177   123.219
1178   123.424
1179   123.615
1180   123.793
1181   123.959
1182   124.113
1183   124.256
1184   124.388
1185   124.511
1186   124.624
1187   124.729
1188   124.826
1189   124.917
1190   125.000
1191   125.076
1192   125.143
1193   125.201
1194   125.248
1195   125.286
1196   125.312
1197   125.328
1198   125.332
1199   125.324
1200   125.303
1201   125.270
1202   125.223
1203   125.163
1204   125.089
1205   125.000
1206   124.894
1207   124.770
1208   124.629
1209   124.472
1210   124.300
1211   124.114
1212   123.915
1213   123.705
1214   123.484
1215   123.254
1216   123.015
1217   122.769
1218   122.518
1219   122.261
1220   122.000
1221   121.732
1222   121.454
1223   121.165
1224   120.866
1225   120.557
1226   120.239
1227   119.911
1228   119.575
1229   119.230
1230   118.877
1231   118.517
1232   118.148
1233   117.772
1234   117.389
1235   117.000
1236   116.605
1237   116.205
1238   115.801
1239   115.394
1240   114.986
1241   114.576
1242   114.167
1243   113.758
1244   113.351
1245   112.947
1246   112.547
1247   112.151
1248   111.761
1249   111.377
1250   111.000
1251   110.633
1252   110.277
1253   109.934
1254   109.605
1255   109.289
1256   108.989
1257   108.704
1258   108.436
1259   108.186
1260   107.954
1261   107.742
1262   107.550
1263   107.378
1264   107.229
1265   107.103
1266   107.000
1267   106.939
1268   106.937
1269   106.995
1270   107.111
1271   107.286
1272   107.519
1273   107.810
1274   108.159
1275   108.565
1276   109.029
1277   109.550
1278   110.127
1279   110.761
1280   111.451
1281   112.198
1282   113.000
1283   113.855
1284   114.759
1285   115.712
1286   116.714
1287   117.765
1288   118.863
1289   120.009
1290   121.202
1291   122.441
1292   123.728
1293   125.060
1294   126.438
1295   127.861
1296   129.329
1297   130.842
1298   132.399
1299   134.000
1300   135.640
1301   137.316
1302   139.027
1303   140.775
1304   142.559
1305   144.380
1306   146.239
1307   148.137
1308   150.072
1309   152.047
1310   154.061
1311   156.115
1312   158.210
1313   160.345
1314   162.521
1315   164.740
1316   167.000
1317   169.311
1318   171.690
1319   174.152
1320   176.709
1321   179.377
1322   182.168
1323   185.097
1324   188.177
1325   191.422
1326   194.847
1327   198.464
1328   202.289
1329   206.334
1330   210.614
1331   215.142
1332   219.933
1333   225.000
1334   230.563
1335   236.801
1336   243.662
1337   251.096
1338   259.052
1339   267.480
1340   276.329
1341   285.548
1342   295.088
1343   304.897
1344   314.925
1345   325.121
1346   335.435
1347   345.816
1348   356.213
1349   366.577
1350   376.856
1351   387.000
1352   396.934
1353   406.626
1354   416.087
1355   425.326
1356   434.357
1357   443.189
1358   451.833
1359   460.302
1360   468.606
1361   476.755
1362   484.762
1363   492.637
1364   500.391
1365   508.035
1366   515.581
1367   523.039
1368   530.421
1369   537.738
1370   545.000
1371   552.745
1372   561.533
1373   571.406
1374   582.410
1375   594.588
1376   607.984
1377   622.642
1378   638.606
1379   655.921
1380   674.629
1381   694.776
1382   716.404
1383   739.559
1384   764.284
1385   790.623
1386   818.620
1387   848.319
1388   879.765
1389   913.000
1390   950.134
1391   992.943
1392  1040.970
1393  1093.780
1394  1150.890
1395  1211.870
1396  1276.260
1397  1343.610
1398  1413.460
1399  1485.360
1400  1558.860
1401  1633.510
1402  1708.840
1403  1784.410
1404  1859.770
1405  1934.460
1406  2008.030
1407  2080.030
1408  2150.000
1409  2217.920
1410  2284.030
1411  2348.240
1412  2410.500
1413  2470.730
1414  2528.850
1415  2584.810
1416  2638.520
1417  2689.910
1418  2738.920
1419  2785.460
1420  2829.480
1421  2870.900
1422  2909.640
1423  2945.640
1424  2978.820
1425  3009.110
1426  3036.450
1427  3060.760
1428  3081.970
1429  3100.000
1430  3115.260
1431  3128.280
1432  3139.250
1433  3148.310
1434  3155.630
1435  3161.380
1436  3165.700
1437  3168.780
1438  3170.760
1439  3171.820
1440  3172.110
1441  3171.790
1442  3171.040
1443  3170.000
1444  3168.650
1445  3166.840
1446  3164.520
1447  3161.680
1448  3158.260
1449  3154.250
1450  3149.610
1451  3144.310
1452  3138.310
1453  3131.590
1454  3124.110
1455  3115.840
1456  3106.750
1457  3096.810
1458  3085.980
1459  3074.230
1460  3061.530
1461  3047.850
1462  3033.160
1463  3017.420
1464  3000.600
1465  2982.670
1466  2963.600
1467  2943.360
1468  2921.910
1469  2899.220
1470  2875.260
1471  2850.000
1472  2823.710
1473  2796.710
1474  2769.050
1475  2740.760
1476  2711.890
1477  2682.470
1478  2652.540
1479  2622.140
1480  2591.320
1481  2560.120
1482  2528.560
1483  2496.700
1484  2464.570
1485  2432.220
1486  2399.680
1487  2366.990
1488  2334.190
1489  2301.330
1490  2268.440
1491  2235.560
1492  2202.730
1493  2170.000
1494  2137.460
1495  2105.190
1496  2073.230
1497  2041.600
1498  2010.330
1499  1979.450
1500  1948.980
1501  1918.960
1502  1889.400
1503  1860.330
1504  1831.790
1505  1803.790
1506  1776.370
1507  1749.560
1508  1723.370
1509  1697.850
1510  1673.000
1511  1648.870
1512  1625.480
1513  1602.850
1514  1581.020
1515  1560.000
1516  1539.700
1517  1519.990
1518  1500.850
1519  1482.260
1520  1464.200
1521  1446.660
1522  1429.620
1523  1413.050
1524  1396.950
1525  1381.290
1526  1366.050
1527  1351.230
1528  1336.790
1529  1322.730
1530  1309.020
1531  1295.650
1532  1282.600
1533  1269.850
1534  1257.390
1535  1245.190
1536  1233.230
1537  1221.510
1538  1210.000
1539  1198.650
1540  1187.440
1541  1176.350
1542  1165.390
1543  1154.570
1544  1143.880
1545  1133.330
1546  1122.910
1547  1112.630
1548  1102.490
1549  1092.490
1550  1082.630
1551  1072.920
1552  1063.350
1553  1053.920
1554  1044.650
1555  1035.520
1556  1026.540
1557  1017.710
1558  1009.040
1559  1000.520
1560   992.154
1561   983.944
1562   975.893
1563   968.000
1564   960.244
1565   952.600
1566   945.064
1567   937.635
1568   930.309
1569   923.083
1570   915.955
1571   908.922
1572   901.981
1573   895.129
1574   888.363
1575   881.681
1576   875.080
1577   868.557
1578   862.109
1579   855.733
1580   849.427
1581   843.188
1582   837.013
1583   830.899
1584   824.844
1585   818.844
1586   812.897
1587   807.000
1588   801.160
1589   795.387
1590   789.682
1591   784.047
1592   778.482
1593   772.988
1594   767.568
1595   762.221
1596   756.950
1597   751.755
1598   746.638
1599   741.599
1600   736.641
1601   731.764
1602   726.969
1603   722.258
1604   717.631
1605   713.090
1606   708.637
1607   704.271
1608   699.996
1609   695.810
1610   691.717
1611   687.717
1612   683.811
1613   680.000
1614   676.282
1615   672.653
1616   669.109
1617   665.651
1618   662.274
1619   658.978
1620   655.761
1621   652.620
1622   649.555
1623   646.561
1624   643.639
1625   640.786
1626   638.000
1627   635.279
1628   632.621
1629   630.024
1630   627.487
1631   625.007
1632   622.582
1633   620.211
1634   617.891
1635   615.622
1636   613.399
1637   611.223
1638   609.091
1639   607.000
1640   604.947
1641   602.930
1642   600.948
1643   599.004
1644   597.096
1645   595.227
1646   593.396
1647   591.604
1648   589.853
1649   588.141
1650   586.471
1651   584.843
1652   583.257
1653   581.715
1654   580.216
1655   578.761
1656   577.351
1657   575.987
1658   574.670
1659   573.399
1660   572.176
1661   571.001
1662   569.875
1663   568.798
1664   567.772
1665   566.796
1666   565.872
1667   565.000
1668   564.188
1669   563.444
1670   562.767
1671   562.155
1672   561.608
1673   561.126
1674   560.707
1675   560.350
1676   560.055
1677   559.820
1678   559.645
1679   559.530
1680   559.472
1681   559.472
1682   559.528
1683   559.640
1684   559.806
1685   560.026
1686   560.299
1687   560.625
1688   561.001
1689   561.428
1690   561.905
1691   562.430
1692   563.003
1693   563.623
1694   564.289
1695   565.000
1696   565.782
1697   566.660
1698   567.633
1699   568.701
1700   569.861
1701   571.113
1702   572.457
1703   573.890
1704   575.413
1705   577.023
1706   578.721
1707   580.504
1708   582.373
1709   584.325
1710   586.360
1711   588.478
1712   590.676
1713   592.954
1714   595.311
1715   597.746
1716   600.258
1717   602.846
1718   605.509
1719   608.245
1720   611.055
1721   613.936
1722   616.888
1723   619.909
1724   623.000
1725   626.184
1726   629.486
1727   632.904
1728   636.434
1729   640.074
1730   643.823
1731   647.678
1732   651.635
1733   655.694
1734   659.851
1735   664.105
1736   668.452
1737   672.890
1738   677.418
1739   682.032
1740   686.730
1741   691.510
1742   696.369
1743   701.305
1744   706.316
1745   711.399
1746   716.552
1747   721.772
1748   727.057
1749   732.405
1750   737.813
1751   743.279
1752   748.801
1753   754.375
1754   760.000
1755   765.651
1756   771.300
1757   776.945
1758   782.579
1759   788.199
1760   793.801
1761   799.378
1762   804.928
1763   810.446
1764   815.926
1765   821.365
1766   826.758
1767   832.100
1768   837.388
1769   842.615
1770   847.779
1771   852.874
1772   857.896
1773   862.841
1774   867.703
1775   872.479
1776   877.163
1777   881.752
1778   886.240
1779   890.624
1780   894.899
1781   899.060
1782   903.102
1783   907.022
1784   910.815
1785   914.476
1786   918.000
1787   921.353
1788   924.502
1789   927.450
1790   930.196
1791   932.744
1792   935.094
1793   937.247
1794   939.205
1795   940.969
1796   942.540
1797   943.920
1798   945.111
1799   946.113
1800   946.927
1801   947.556
1802   948.000
1803   948.287
1804   948.451
1805   948.502
1806   948.452
1807   948.313
1808   948.094
1809   947.807
1810   947.464
1811   947.074
1812   946.650
1813   946.203
1814   945.743
1815   945.282
1816   944.830
1817   944.399
1818   944.000
1819   943.680
1820   943.485
1821   943.430
1822   943.527
1823   943.788
1824   944.226
1825   944.854
1826   945.685
1827   946.730
1828   948.004
1829   949.519
1830   951.286
1831   953.320
1832   955.633
1833   958.237
1834   961.146
1835   964.371
1836   967.926
1837   971.823
1838   976.075
1839   980.695
1840   985.696
1841   991.089
1842   996.889
1843   1003.11
1844   1009.76
1845   1016.85
1846   1024.40
1847   1032.42
1848   1040.92
1849   1049.92
1850   1059.42
1851   1069.44
1852   1080.00
1853   1095.58
1854   1120.51
1855   1154.58
1856   1197.57
1857   1249.25
1858   1309.40
1859   1377.81
1860   1454.25
1861   1538.51
1862   1630.35
1863   1729.58
1864   1835.95
1865   1949.26
1866   2069.28
1867   2195.79
1868   2328.57
1869   2467.40
1870   2612.06
1871   2762.34
1872   2918.00
1873   3078.84
1874   3244.62
1875   3415.14
1876   3590.16
1877   3769.47
1878   3952.85
1879   4140.08
1880   4330.93
1881   4525.20
1882   4722.65
1883   4923.07
1884   5126.23
1885   5331.92
1886   5539.92
1887   5750.00
1888   5960.59
1889   6170.18
1890   6378.67
1891   6585.96
1892   6791.95
1893   6996.54
1894   7199.63
1895   7401.11
1896   7600.90
1897   7798.87
1898   7994.95
1899   8189.02
1900   8380.98
1901   8570.74
1902   8758.19
1903   8943.24
1904   9125.77
1905   9305.69
1906   9482.91
1907   9657.31
1908   9828.80
1909   9997.29
1910  10162.70
1911  10324.80
1912  10483.60
1913  10639.10
1914  10791.00
1915  10939.30
1916  11083.80
1917  11224.60
1918  11361.40
1919  11494.20
1920  11622.90
1921  11747.40
1922  11867.60
1923  11983.30
1924  12094.50
1925  12201.10
1926  12303.00
1927  12400.00
1928  12489.70
1929  12569.80
1930  12640.40
1931  12701.70
1932  12753.80
1933  12796.80
1934  12830.80
1935  12856.10
1936  12872.80
1937  12881.00
1938  12880.80
1939  12872.40
1940  12856.00
1941  12831.60
1942  12799.50
1943  12759.70
1944  12712.40
1945  12657.80
1946  12596.00
1947  12527.10
1948  12451.30
1949  12368.60
1950  12279.40
1951  12183.60
1952  12081.50
1953  11973.20
1954  11858.80
1955  11738.50
1956  11612.40
1957  11480.60
1958  11343.40
1959  11200.70
1960  11052.90
1961  10900.00
1962  10746.80
1963  10597.90
1964  10453.10
1965  10312.30
1966  10175.50
1967  10042.40
1968   9912.92
1969   9786.97
1970   9664.40
1971   9545.09
1972   9428.90
1973   9315.70
1974   9205.37
1975   9097.77
1976   8992.78
1977   8890.27
1978   8790.10
1979   8692.16
1980   8596.31
1981   8502.42
1982   8410.36
1983   8320.01
1984   8231.24
1985   8143.91
1986   8057.90
1987   7973.08
1988   7889.32
1989   7806.49
1990   7724.46
1991   7643.11
1992   7562.31
1993   7481.91
1994   7401.81
1995   7321.86
1996   7241.95
1997   7161.93
1998   7081.69
1999   7001.09
2000   6920.00
