400 0.687735 
401 0.688873 
402 0.688701 
403 0.687859 
404 0.686988 
405 0.686575 
406 0.686489 
407 0.686408 
408 0.685867 
409 0.684618 
410 0.683414 
411 0.682841 
412 0.681803 
413 0.679320 
414 0.676545 
415 0.674716 
416 0.673274 
417 0.671491 
418 0.669766 
419 0.668431 
420 0.666439 
421 0.662836 
422 0.658423 
423 0.654313 
424 0.651111 
425 0.649076 
426 0.647587 
427 0.646166 
428 0.645798 
429 0.647110 
430 0.647841 
431 0.645867 
432 0.642507 
433 0.639508 
434 0.636881 
435 0.634268 
436 0.631562 
437 0.628916 
438 0.627259 
439 0.627116 
440 0.626633 
441 0.623947 
442 0.619551 
443 0.614537 
444 0.610037 
445 0.606772 
446 0.603779 
447 0.600287 
448 0.597990 
449 0.598333 
450 0.599299 
451 0.598639 
452 0.596627 
453 0.594202 
454 0.592427 
455 0.591999 
456 0.592019 
457 0.591662 
458 0.591989 
459 0.593945 
460 0.596114 
461 0.596950 
462 0.596732 
463 0.596141 
464 0.595636 
465 0.595490 
466 0.595456 
467 0.595323 
468 0.595546 
469 0.596433 
470 0.597029 
471 0.596377 
472 0.594761 
473 0.592772 
474 0.590984 
475 0.589762 
476 0.588654 
477 0.587330 
478 0.586772 
479 0.587769 
480 0.589011 
481 0.589163 
482 0.588880 
483 0.589122 
484 0.590095 
485 0.591735 
486 0.593670 
487 0.595695 
488 0.598583 
489 0.602898 
490 0.607395 
491 0.610833 
492 0.613784 
493 0.617098 
494 0.620913 
495 0.625166 
496 0.629698 
497 0.634452 
498 0.639874 
499 0.646274 
500 0.652915 
501 0.659064 
502 0.665039 
503 0.671302 
504 0.677825 
505 0.684463 
506 0.691096 
507 0.697743 
508 0.704961 
509 0.713113 
510 0.721246 
511 0.728397 
512 0.734870 
513 0.741275 
514 0.748164 
515 0.755838 
516 0.763636 
517 0.770944 
518 0.778290 
519 0.786180 
520 0.793886 
521 0.800647 
522 0.806798 
523 0.812767 
524 0.818260 
525 0.823006 
526 0.827539 
527 0.832459 
528 0.837822 
529 0.843606 
530 0.850035 
531 0.857194 
532 0.864371 
533 0.870776 
534 0.876105 
535 0.880282 
536 0.883664 
537 0.886918 
538 0.891514 
539 0.898151 
540 0.903638 
541 0.905243 
542 0.905953 
543 0.909088 
544 0.913578 
545 0.917637 
546 0.921005 
547 0.923809 
548 0.926206 
549 0.928451 
550 0.931167 
551 0.934825 
552 0.938910 
553 0.942554 
554 0.944472 
555 0.944011 
556 0.943462 
557 0.944561 
558 0.943874 
559 0.938711 
560 0.934519 
561 0.936183 
562 0.938187 
563 0.934927 
564 0.930832 
565 0.930714 
566 0.930869 
567 0.927520 
568 0.925112 
569 0.927731 
570 0.929812 
571 0.925727 
572 0.919242 
573 0.914853 
574 0.910580 
575 0.904337 
576 0.900077 
577 0.901087 
578 0.901953 
579 0.897640 
580 0.893336 
581 0.894005 
582 0.893499 
583 0.885789 
584 0.876441 
585 0.871797 
586 0.869708 
587 0.866849 
588 0.863694 
589 0.861259 
590 0.858931 
591 0.855980 
592 0.852832 
593 0.850123 
594 0.848167 
595 0.846869 
596 0.844824 
597 0.841168 
598 0.838523 
599 0.839230 
600 0.841018 
601 0.841220 
602 0.840204 
603 0.839296 
604 0.840631 
605 0.845363 
606 0.849918 
607 0.850956 
608 0.850798 
609 0.852298 
610 0.854777 
611 0.857057 
612 0.859506 
613 0.862526 
614 0.865122 
615 0.866344 
616 0.866815 
617 0.867404 
618 0.868395 
619 0.869710 
620 0.870417 
621 0.869848 
622 0.869253 
623 0.869726 
624 0.869809 
625 0.868157 
626 0.866418 
627 0.866221 
628 0.866135 
629 0.864743 
630 0.863760 
631 0.864813 
632 0.866048 
633 0.865398 
634 0.863431 
635 0.861248 
636 0.859451 
637 0.858327 
638 0.857394 
639 0.855851 
640 0.852402 
641 0.846450 
642 0.840696 
643 0.837503 
644 0.834597 
645 0.829697 
646 0.825136 
647 0.823232 
648 0.821646 
649 0.818129 
650 0.815461 
651 0.816326 
652 0.818002 
653 0.817450 
654 0.815772 
655 0.814843 
656 0.815501 
657 0.817900 
658 0.820503 
659 0.821956 
660 0.823337 
661 0.825624 
662 0.826962 
663 0.825540 
664 0.822560 
665 0.819654 
666 0.817174 
667 0.815212 
668 0.814107 
669 0.813975 
670 0.813791 
671 0.812713 
672 0.811783 
673 0.812119 
674 0.813274 
675 0.814599 
676 0.816196 
677 0.818287 
678 0.820820 
679 0.823884 
680 0.828400 
681 0.835103 
682 0.843146 
683 0.851643 
684 0.861145 
685 0.872070 
686 0.882873 
687 0.892306 
688 0.902281 
689 0.914358 
690 0.925526 
691 0.933280 
692 0.941702 
693 0.954549 
694 0.967679 
695 0.976458 
696 0.982171 
697 0.988117 
698 0.999734 
699 1.018586 
700 1.028608 
701 1.016792 
702 1.000000 
703 0.996459 
704 1.000000 
705 1.000949 
706 1.000000 
707 0.999746 
708 1.000000 
709 1.000068 
710 1.000000 
711 0.999982 
712 1.000000 
713 1.000005 
714 1.000000 
715 0.999999 
716 1.000000 
717 1.000000 
718 1.000000 
719 1.000000 
720 1.000000 
721 1.000000 
722 1.000000 
723 1.000000 
724 1.000000 
725 1.000000 
726 1.000000 
727 1.000000 
728 1.000000 
729 1.000000 
730 1.000000 
731 1.000000 
732 1.000000 
733 1.000000 
734 1.000000 
735 1.000000 
736 1.000000 
737 1.000000 
738 1.000000 
739 1.000000 
740 1.000000 
741 1.000000 
742 1.000000 
743 1.000000 
744 1.000000 
745 1.000000 
746 1.000000 
747 1.000000 
748 1.000000 
749 1.000000 
750 1.000000 
751 1.000000 
752 1.000000 
753 1.000000 
754 1.000000 
755 1.000000 
756 1.000000 
757 1.000000 
758 1.000000 
759 1.000000 
760 1.000000 
761 1.000000 
762 1.000000 
763 1.000000 
764 1.000000 
765 1.000000 
766 1.000000 
767 1.000000 
768 1.000000 
769 1.000000 
770 1.000000 
771 1.000000 
772 1.000000 
773 1.000000 
774 1.000000 
775 1.000000 
776 1.000000 
777 1.000000 
778 1.000000 
779 1.000000 
780 1.000000 
781 1.000000 
782 1.000000 
783 1.000000 
784 1.000000 
785 1.000000 
786 1.000000 
787 1.000000 
788 1.000000 
789 1.000000 
790 1.000000 
791 1.000000 
792 1.000000 
793 1.000000 
794 1.000000 
795 1.000000 
796 1.000000 
797 1.000000 
798 1.000000 
799 1.000000 
800 1.000000 

