287.000 nan
289.000 0.14553
291.000 0.17050
293.000 0.17163
295.000 0.17261
297.000 0.17407
299.000 0.17645
301.000 0.17724
303.000 0.17912
305.000 0.18086
307.000 0.18268
309.000 0.18062
311.000 0.18076
313.000 0.18103
315.000 0.17775
317.000 0.18062
319.000 0.18177
321.000 0.18177
323.000 0.18110
325.000 0.18424
327.000 0.18122
329.000 0.17799
331.000 0.17782
333.000 0.18019
335.000 0.18001
337.000 0.17860
339.000 0.17814
341.000 0.17822
343.000 0.17586
345.000 0.17482
347.000 0.17316
349.000 0.17077
351.000 0.16473
353.000 0.16149
355.000 0.15888
357.000 0.15634
359.000 0.15401
361.000 0.15197
363.000 0.14943
365.000 0.14729
367.000 0.14579
369.000 0.14385
371.000 0.14210
373.000 0.14058
375.000 0.13936
377.000 0.13744
379.000 0.13598
381.000 0.13483
383.000 0.13293
385.000 0.13086
387.000 0.12886
389.000 0.12684
391.000 0.12571
393.000 0.12485
395.000 0.12393
397.000 0.12285
399.000 0.12232
401.000 0.12213
403.000 0.12221
405.000 0.12252
407.000 0.12282
409.000 0.12313
411.000 0.12368
413.000 0.12433
415.000 0.12519
417.000 0.12597
419.000 0.12680
421.000 0.12761
423.000 0.12846
425.000 0.12933
427.000 0.13021
429.000 0.13134
431.000 0.13239
433.000 0.13327
435.000 0.13416
437.000 0.13520
439.000 0.13630
441.000 0.13732
443.000 0.13825
445.000 0.13916
447.000 0.14009
449.000 0.14095
451.000 0.14178
453.000 0.14260
455.000 0.14348
457.000 0.14431
459.000 0.14504
461.000 0.14576
463.000 0.14643
465.000 0.14711
467.000 0.14778
469.000 0.14847
471.000 0.14910
473.000 0.14979
475.000 0.15044
477.000 0.15120
479.000 0.15192
481.000 0.15264
483.000 0.15339
485.000 0.15432
487.000 0.15526
489.000 0.15608
491.000 0.15683
493.000 0.15764
495.000 0.15846
497.000 0.15925
499.000 0.16015
501.000 0.16107
503.000 0.16207
505.000 0.16301
507.000 0.16396
509.000 0.16498
511.000 0.16602
513.000 0.16706
515.000 0.16807
517.000 0.16912
519.000 0.17021
521.000 0.17114
523.000 0.17202
525.000 0.17293
527.000 0.17380
529.000 0.17469
531.000 0.17548
533.000 0.17627
535.000 0.17711
537.000 0.17789
539.000 0.17873
541.000 0.17959
543.000 0.18042
545.000 0.18128
547.000 0.18212
549.000 0.18295
551.000 0.18378
553.000 0.18456
555.000 0.18535
557.000 0.18611
559.000 0.18686
561.000 0.18758
563.000 0.18822
565.000 0.18880
567.000 0.18935
569.000 0.18988
571.000 0.19035
573.000 0.19078
575.000 0.19117
577.000 0.19161
579.000 0.19193
581.000 0.19228
583.000 0.19258
585.000 0.19284
587.000 0.19313
589.000 0.19342
591.000 0.19377
593.000 0.19402
595.000 0.19429
597.000 0.19462
599.000 0.19486
601.000 0.19508
603.000 0.19525
605.000 0.19530
607.000 0.19531
609.000 0.19533
611.000 0.19539
613.000 0.19541
615.000 0.19544
617.000 0.19540
619.000 0.19554
621.000 0.19558
623.000 0.19567
625.000 0.19581
627.000 0.19590
629.000 0.19600
631.000 0.19611
633.000 0.19619
635.000 0.19629
637.000 0.19648
639.000 0.19663
641.000 0.19685
643.000 0.19700
645.000 0.19714
647.000 0.19720
649.000 0.19725
651.000 0.19717
653.000 0.19697
655.000 0.19658
657.000 0.19624
659.000 0.19561
661.000 0.19483
663.000 0.19406
665.000 0.19328
667.000 0.19264
669.000 0.19208
671.000 0.19180
673.000 0.19170
675.000 0.19191
677.000 0.19229
679.000 0.19294
681.000 0.19373
683.000 0.19473
685.000 0.19583
687.000 0.19712
689.000 0.19888
691.000 0.20038
693.000 0.20167
695.000 0.20287
697.000 0.20402
699.000 0.20486
701.000 0.20562
703.000 0.20637
705.000 0.20705
707.000 0.20763
709.000 0.20818
711.000 0.20860
713.000 0.20914
715.000 0.20982
717.000 0.21070
719.000 0.21083
721.000 0.21102
723.000 0.21164
725.000 0.21200
727.000 0.21253
729.000 0.21297
731.000 0.21345
733.000 0.21390
735.000 0.21428
737.000 0.21472
739.000 0.21509
741.000 0.21549
743.000 0.21585
745.000 0.21620
747.000 0.21657
749.000 0.21693
751.000 0.21726
753.000 0.21765
755.000 0.21798
757.000 0.21831
759.000 0.21877
761.000 0.21881
763.000 0.21927
765.000 0.21922
767.000 0.21991
769.000 0.22011
771.000 0.22058
773.000 0.22085
775.000 0.22126
777.000 0.22162
779.000 0.22190
781.000 0.22223
783.000 0.22253
785.000 0.22282
787.000 0.22305
789.000 0.22339
791.000 0.22373
793.000 0.22404
795.000 0.22430
797.000 0.22464
799.000 0.22485
801.000 0.22510
803.000 0.22542
805.000 0.22563
807.000 0.22594
809.000 0.22623
811.000 0.22650
813.000 0.22672
815.000 0.22688
817.000 0.22716
819.000 0.22745
821.000 0.22778
823.000 0.22784
825.000 0.22828
827.000 0.22850
829.000 0.22881
831.000 0.22898
833.000 0.22934
835.000 0.22957
837.000 0.22985
839.000 0.23016
841.000 0.23034
843.000 0.23071
845.000 0.23082
847.000 0.23107
849.000 0.23119
851.000 0.23115
853.000 0.23148
855.000 0.23148
857.000 0.23171
859.000 0.23193
861.000 0.23216
863.000 0.23223
865.000 0.23246
867.000 0.23270
869.000 0.23306
871.000 0.23277
873.000 0.23322
875.000 0.23357
877.000 0.23365
879.000 0.23377
881.000 0.23395
883.000 0.23412
885.000 0.23428
887.000 0.23449
889.000 0.23475
891.000 0.23467
893.000 0.23507
895.000 0.23499
897.000 0.23525
899.000 0.23520
901.000 0.23521
903.000 0.23574
905.000 0.23560
907.000 0.23578
909.000 0.23608
911.000 0.23645
913.000 0.23667
915.000 0.23657
917.000 0.23670
919.000 0.23749
921.000 0.23753
923.000 0.23794
925.000 0.23802
927.000 0.23814
929.000 0.23900
931.000 0.23821
933.000 0.23711
935.000 0.23606
937.000 0.23709
939.000 0.23870
941.000 0.23749
943.000 0.23783
945.000 0.23713
947.000 0.23843
949.000 0.23862
951.000 0.23826
953.000 0.23780
955.000 0.24013
957.000 0.24092
959.000 0.23966
961.000 0.24080
963.000 0.24270
965.000 0.24215
967.000 0.24273
969.000 0.24392
971.000 0.24471
973.000 0.24374
975.000 0.24281
977.000 0.24411
979.000 0.24512
981.000 0.24335
983.000 0.24426
985.000 0.24526
987.000 0.24516
989.000 0.24460
991.000 0.24438
993.000 0.24514
995.000 0.24375
997.000 0.24557
999.000 0.24538
1001.000 0.24302
1003.000 0.24356
1005.000 0.24342
1007.000 0.24420
1009.000 0.24459
1011.000 0.24159
1013.000 0.24435
1015.000 0.24350
1017.000 0.24064
1019.000 0.24251
1021.000 0.24426
1023.000 0.24292
1025.000 0.24124
1027.000 0.24076
1029.000 0.24295
1031.000 0.24175
1033.000 0.23947
1035.000 0.24153
1037.000 0.24064
1039.000 0.23849
1041.000 0.23762
1043.000 0.23651
1045.000 0.23695
1047.000 0.23972
1049.000 0.23297
1051.000 0.23529
1053.000 0.23139
1055.000 0.23565
1057.000 0.23454
1059.000 0.23683
1061.000 0.23134
1063.000 0.22926
1065.000 0.22855
1067.000 0.22596
1069.000 0.22740
1071.000 0.23086
1073.000 0.23043
1075.000 0.22668
1077.000 0.22621
1079.000 0.22168
1081.000 0.22648
1083.000 0.22259
1085.000 0.22643
1087.000 0.22533
1089.000 0.21765
1091.000 0.22105
1093.000 0.22318
1095.000 nan
